1791380692.640 32396
1791380692.690 49676
1791380692.741 61196
1791380692.791 76912
1791380692.842 96296
1791380692.893 124864
1791380692.945 133812
1791380692.998 139188
1791380693.050 148020
1791380693.103 152052
1791380693.155 152628
1791380693.206 183120
1791380693.257 200340
1791380693.308 205920
1791380693.359 238316
1791380693.411 254212
1791380693.464 258244
1791380693.517 260040
1791380693.571 263684
1791380693.624 268484
1791380693.675 273092
1791380693.727 291716
1791380693.778 299396
1791380693.830 303428
1791380693.881 307844
1791380693.932 310148
1791380693.984 313796
1791380694.036 317252
1791380694.088 321284
1791380694.139 326852
1791380694.192 333092
1791380694.246 334436
1791380694.297 334820
1791380694.349 334820
1791380694.400 334820
1791380694.451 334820
1791380694.502 334820
1791380694.554 334820
1791380694.606 334820
1791380694.657 334820
1791380694.708 334820
1791380694.760 334820
1791380694.811 334820
1791380694.863 334820
1791380694.914 334820
1791380694.966 334820
1791380695.018 334820
1791380695.070 334820
1791380695.121 334820
1791380695.173 334820
1791380695.226 334820
1791380695.279 334820
1791380695.332 334820
1791380695.385 334820
1791380695.436 334820
1791380695.487 334820
1791380695.539 334820
1791380695.590 334820
1791380695.641 334820
1791380695.693 334820
1791380695.744 334820
1791380695.795 334820
1791380695.847 334820
1791380695.898 334820
1791380695.949 334820
1791380696.001 334820
1791380696.052 334820
1791380696.103 334820
1791380696.155 334820
1791380696.206 334820
1791380696.257 334820
1791380696.309 334820
1791380696.360 334820
1791380696.411 334820
1791380696.463 334820
1791380696.514 334820
1791380696.565 334820
1791380696.617 334820
1791380696.668 334820
1791380696.719 334820
1791380696.771 334820
1791380696.822 334820
1791380696.873 334820
1791380696.925 334820
1791380696.976 334820
1791380697.027 334820
1791380697.079 334820
1791380697.130 334820
1791380697.181 334820
1791380697.233 334820
1791380697.284 334820
1791380697.335 334820
1791380697.387 334820
1791380697.438 334820
1791380697.489 334820
1791380697.541 334820
1791380697.592 334820
1791380697.643 334820
1791380697.695 334820
1791380697.746 334820
1791380697.798 334820
1791380697.849 334820
1791380697.900 334820
1791380697.952 334820
1791380698.003 334820
1791380698.054 334820
1791380698.106 334820
1791380698.157 334820
1791380698.208 334820
1791380698.264 334820
1791380698.319 334820
1791380698.374 334820
1791380698.429 334820
1791380698.481 334820
1791380698.535 334820
1791380698.590 334820
1791380698.645 334820
1791380698.700 334820
1791380698.756 334820
1791380698.811 334820
1791380698.866 334820
1791380698.921 334820
1791380698.976 334820
1791380699.031 334820
1791380699.086 335012
1791380699.141 335012
1791380699.196 335012
1791380699.251 335012
1791380699.304 335012
1791380699.359 335012
1791380699.413 335012
1791380699.465 335012
1791380699.516 335012
1791380699.571 335012
1791380699.626 335012
1791380699.681 335012
1791380699.735 335012
1791380699.790 335012
1791380699.845 335012
1791380699.900 335012
1791380699.955 335012
1791380700.010 335012
1791380700.065 335012
1791380700.120 335012
1791380700.175 335012
1791380700.230 335012
1791380700.285 335012
1791380700.339 335012
1791380700.394 335012
1791380700.449 335012
1791380700.504 335012
1791380700.559 335012
1791380700.614 335012
1791380700.666 335012
1791380700.717 335012
1791380700.772 335012
1791380700.827 335012
1791380700.882 335012
1791380700.937 335012
1791380700.992 335012
1791380701.047 335012
1791380701.102 335012
1791380701.157 335012
1791380701.211 335012
1791380701.266 335012
1791380701.321 335012
1791380701.377 335012
1791380701.431 335012
1791380701.486 335012
1791380701.541 335012
1791380701.596 335012
1791380701.651 335012
1791380701.706 335012
1791380701.761 335012
1791380701.815 335012
1791380701.870 335012
1791380701.925 335012
1791380701.980 335012
1791380702.035 335012
1791380702.088 335012
1791380702.143 335012
1791380702.198 335012
1791380702.253 335012
1791380702.308 335012
1791380702.363 335012
1791380702.417 335012
1791380702.472 335012
1791380702.527 335012
1791380702.582 335012
1791380702.637 335012
1791380702.692 335012
1791380702.747 335012
1791380702.801 335012
1791380702.856 335012
1791380702.911 335012
1791380702.966 335012
1791380703.021 335012
1791380703.076 335012
1791380703.131 335012
1791380703.182 335012
1791380703.234 335012
1791380703.290 335012
1791380703.345 335012
1791380703.398 335012
1791380703.450 335012
1791380703.507 335012
1791380703.562 335012
1791380703.617 335012
1791380703.672 335012
1791380703.727 335012
1791380703.782 335012
1791380703.837 335012
1791380703.891 335012
1791380703.945 335012
1791380703.996 335012
1791380704.052 335012
1791380704.107 335012
1791380704.162 335012
1791380704.217 335012
1791380704.272 335012
1791380704.325 335012
1791380704.380 335012
1791380704.434 335012
1791380704.489 335012
1791380704.545 335012
1791380704.600 335012
1791380704.654 335012
1791380704.709 335012
1791380704.764 335012
1791380704.819 335012
1791380704.874 335012
1791380704.929 335012
1791380704.984 335012
1791380705.038 335012
1791380705.093 335012
1791380705.148 335012
1791380705.203 335012
1791380705.258 335012
1791380705.314 335012
1791380705.369 335012
1791380705.424 335012
1791380705.479 335012
1791380705.535 335012
1791380705.590 335012
1791380705.644 335012
1791380705.699 335012
1791380705.754 335012
1791380705.809 335012
1791380705.864 335012
1791380705.918 335012
1791380705.973 335012
1791380706.028 335012
1791380706.080 335012
1791380706.135 335012
1791380706.190 335012
1791380706.244 335012
1791380706.299 335012
1791380706.354 335012
1791380706.409 335012
1791380706.464 335012
1791380706.518 335012
1791380706.573 335012
1791380706.628 335012
1791380706.682 335012
1791380706.737 335012
1791380706.792 335012
1791380706.847 335012
1791380706.901 335012
1791380706.956 335012
1791380707.011 335012
1791380707.066 335012
1791380707.120 335012
1791380707.175 335012
1791380707.230 335012
1791380707.285 335012
1791380707.340 335012
1791380707.394 335012
1791380707.449 335012
1791380707.504 335012
1791380707.558 335012
1791380707.612 335012
1791380707.667 335012
1791380707.722 335012
1791380707.777 335012
1791380707.832 335012
1791380707.886 335012
1791380707.941 335012
1791380707.996 335012
1791380708.051 335012
1791380708.106 335012
1791380708.161 335012
1791380708.215 335012
1791380708.270 335012
1791380708.325 335012
1791380708.380 335012
1791380708.434 335012
1791380708.489 335012
1791380708.544 335012
1791380708.599 335012
1791380708.653 335012
1791380708.708 335012
1791380708.763 335012
1791380708.819 335012
1791380708.874 335012
1791380708.929 335012
1791380708.983 335012
1791380709.038 335012
1791380709.093 335012
1791380709.148 335012
1791380709.202 335012
1791380709.257 335012
1791380709.312 335012
1791380709.368 335012
1791380709.423 335012
1791380709.477 335012
1791380709.532 335012
1791380709.587 335012
1791380709.641 335012
1791380709.696 335012
1791380709.751 335012
1791380709.805 335012
1791380709.860 335012
1791380709.915 335012
1791380709.970 335012
1791380710.024 335012
1791380710.079 335012
1791380710.134 335012
1791380710.189 335012
1791380710.243 335012
1791380710.295 335012
1791380710.350 335012
1791380710.405 335012
1791380710.460 335012
1791380710.515 335012
1791380710.570 335012
1791380710.625 335012
1791380710.679 335012
1791380710.731 335012
1791380710.786 335012
1791380710.840 335012
1791380710.892 335012
1791380710.947 335012
1791380711.002 335012
1791380711.056 335012
1791380711.108 335012
1791380711.162 335012
1791380711.217 335012
1791380711.272 335012
1791380711.326 335012
1791380711.381 335012
1791380711.436 335012
1791380711.491 335012
1791380711.545 335012
1791380711.600 335012
1791380711.655 335012
1791380711.709 335012
1791380711.764 335012
1791380711.819 335012
1791380711.873 335012
1791380711.928 335012
1791380711.983 335012
1791380712.037 335012
1791380712.092 335012
1791380712.147 335012
1791380712.201 335012
1791380712.256 335012
1791380712.311 335012
1791380712.365 335012
1791380712.420 335012
1791380712.474 335012
1791380712.529 335012
1791380712.583 335012
1791380712.638 335012
1791380712.693 335012
1791380712.748 335204
1791380712.802 335204
1791380712.857 335204
1791380712.912 335204
1791380712.967 335204
1791380713.022 335204
1791380713.076 335204
1791380713.131 335204
1791380713.186 335204
1791380713.240 335204
1791380713.296 335204
1791380713.351 335204
1791380713.405 335204
1791380713.461 335204
1791380713.516 335204
1791380713.571 335204
1791380713.625 335204
1791380713.680 335204
1791380713.735 335204
1791380713.790 335204
1791380713.844 335204
1791380713.899 335204
1791380713.954 335204
1791380714.009 335204
1791380714.063 335204
1791380714.118 335204
1791380714.173 335204
1791380714.228 335204
1791380714.282 335204
1791380714.337 335396
1791380714.392 335588
1791380714.447 335588
1791380714.502 335588
1791380714.556 335588
1791380714.611 335588
1791380714.664 335972
1791380714.719 335972
1791380714.774 335972
1791380714.829 335972
1791380714.883 335972
1791380714.938 335972
1791380714.993 335972
1791380715.048 335972
1791380715.102 335972
1791380715.157 335972
1791380715.212 335972
1791380715.267 335972
1791380715.322 335972
1791380715.376 335972
1791380715.431 335972
1791380715.486 335972
1791380715.541 335972
1791380715.596 335972
1791380715.651 335972
1791380715.706 335972
1791380715.761 335972
1791380715.815 335972
1791380715.870 335972
1791380715.925 336356
1791380715.979 336356
1791380716.034 336356
1791380716.089 336356
1791380716.144 336356
1791380716.198 336356
1791380716.253 336356
1791380716.308 336356
1791380716.363 336356
1791380716.418 336356
1791380716.473 336356
1791380716.527 336356
1791380716.582 336356
1791380716.637 336356
1791380716.692 336356
1791380716.747 336356
1791380716.801 336356
1791380716.856 336356
1791380716.911 336740
1791380716.965 348260
1791380717.017 348260
1791380717.069 348260
1791380717.124 348260
1791380717.179 348260
1791380717.234 348260
1791380717.289 348260
1791380717.344 348260
1791380717.399 348260
1791380717.454 348260
1791380717.509 348260
1791380717.564 348260
1791380717.619 348260
1791380717.674 348260
1791380717.729 348260
1791380717.784 348260
1791380717.839 348260
1791380717.893 348260
1791380717.948 348260
1791380718.003 348260
1791380718.058 348260
1791380718.113 348260
1791380718.168 348260
1791380718.223 348260
1791380718.278 348260
1791380718.333 348644
1791380718.388 348644
1791380718.443 348644
1791380718.498 348644
1791380718.552 348644
1791380718.607 348836
1791380718.662 348836
1791380718.717 348836
1791380718.772 348836
1791380718.827 348836
1791380718.882 348836
1791380718.937 348836
1791380718.991 348836
1791380719.046 348836
1791380719.101 348836
1791380719.156 348836
1791380719.211 348836
1791380719.266 348836
1791380719.321 348836
1791380719.376 353636
1791380719.427 385124
1791380719.478 458852
1791380719.532 522176
1791380719.585 562304
1791380719.639 585032
1791380719.692 617864
1791380719.746 646856
1791380719.799 651656
1791380719.853 647596
1791380719.904 680236
1791380719.956 734572
1791380720.007 723828
1791380720.058 724020
1791380720.110 724020
1791380720.162 727476
1791380720.213 727860
1791380720.264 727860
1791380720.316 730164
1791380720.367 730356
1791380720.418 781236
1791380720.470 781428
1791380720.521 776880
1791380720.572 776880
1791380720.623 776880
1791380720.675 776880
1791380720.726 780144
1791380720.777 785328
1791380720.829 790848
1791380720.883 836928
1791380720.936 933120
1791380720.988 968900
1791380721.040 969860
1791380721.092 974084
1791380721.146 976772
1791380721.197 972372
1791380721.249 972372
1791380721.300 973140
1791380721.352 1058388
1791380721.403 1062612
1791380721.454 1062612
1791380721.506 1107732
1791380721.557 1107924
1791380721.608 1107924
1791380721.660 1116372
1791380721.711 1124820
1791380721.763 1125012
1791380721.816 1143828
1791380721.867 1143828
1791380721.919 1143828
1791380721.970 1143828
1791380722.021 1143828
1791380722.073 1144020
1791380722.124 1144020
1791380722.176 1144020
1791380722.227 1144020
1791380722.278 1144020
1791380722.330 1160340
1791380722.381 1160532
1791380722.433 1177044
1791380722.484 1177044
1791380722.536 1177044
1791380722.587 1177044
1791380722.639 1177044
1791380722.690 1177044
1791380722.742 1158584
1791380722.793 1158584
1791380722.845 1158584
1791380722.896 1158584
1791380722.947 1158584
1791380722.999 1158584
1791380723.050 1158776
1791380723.102 1162424
1791380723.153 1220600
1791380723.207 1222136
1791380723.261 1230392
1791380723.315 1230392
1791380723.369 1247096
1791380723.422 1278776
1791380723.477 1320824
1791380723.531 1334432
1791380723.585 1339424
1791380723.639 1350176
1791380723.691 1347416
1791380723.743 1347416
1791380723.794 1353560
1791380723.846 1361816
1791380723.898 1431128
1791380723.950 1471448
1791380724.001 1500440
1791380724.053 1524056
1791380724.105 1536536
1791380724.156 1554968
1791380724.208 1681880
1791380724.259 1695320
1791380724.311 1695512
1791380724.362 1633580
1791380724.414 1037412
1791380724.465 1037412
1791380724.517 1041444
1791380724.568 1045476
1791380724.621 1045476
1791380724.672 1045476
1791380724.724 1045668
1791380724.776 1051620
1791380724.828 1064292
1791380724.880 1078116
1791380724.931 1079268
1791380724.986 1079268
1791380725.042 1079268
1791380725.097 1079268
1791380725.153 1079268
1791380725.205 1079268
1791380725.257 1079268
1791380725.313 1079268
1791380725.369 1079268
1791380725.424 1079268
1791380725.480 1079268
1791380725.536 1079268
1791380725.592 1079268
1791380725.648 1079268
1791380725.703 1079268
1791380725.759 1079268
1791380725.815 1079268
1791380725.871 1079268
1791380725.926 1079268
1791380725.982 1079268
1791380726.038 1079268
1791380726.094 1079268
1791380726.150 1079268
1791380726.205 1079268
1791380726.261 1079268
1791380726.317 1079268
1791380726.373 1079268
1791380726.428 1079268
1791380726.484 1079268
1791380726.540 1079268
1791380726.596 1079268
1791380726.652 1079268
1791380726.707 1079268
1791380726.763 1079268
1791380726.819 1079268
1791380726.875 1079268
1791380726.930 1079268
1791380726.986 1079268
1791380727.042 1079268
1791380727.098 1079268
1791380727.153 1079268
1791380727.209 1079268
1791380727.265 1079268
1791380727.321 1079268
1791380727.377 1079268
1791380727.432 1079268
1791380727.488 1079268
1791380727.544 1079268
1791380727.600 1079268
1791380727.656 1079268
1791380727.711 1079268
1791380727.767 1040104
1791380727.823 1040104
1791380727.879 1040104
1791380727.934 1040104
1791380727.990 1040104
1791380728.046 1040104
1791380728.102 1040104
1791380728.157 1040104
1791380728.213 1040104
1791380728.269 1040104
1791380728.325 1040104
1791380728.381 1040104
1791380728.436 1040104
1791380728.489 1040104
1791380728.541 1040104
1791380728.597 1040104
1791380728.653 1040104
1791380728.709 1040104
1791380728.764 1040104
1791380728.820 1040104
1791380728.876 1040104
1791380728.932 1040104
1791380728.988 1040104
1791380729.044 1040104
1791380729.099 1040104
1791380729.155 1040104
1791380729.211 1040104
1791380729.267 1040104
1791380729.322 1040104
1791380729.378 1040104
1791380729.434 1040104
1791380729.490 1040104
1791380729.546 1040104
1791380729.601 1040104
1791380729.657 1040104
1791380729.713 1040104
1791380729.769 1040104
1791380729.824 1040104
1791380729.880 1040104
1791380729.936 1040104
1791380729.992 1040104
1791380730.047 1040104
1791380730.103 1040104
1791380730.159 1040104
1791380730.214 1040104
1791380730.270 1040104
1791380730.326 1040104
1791380730.381 1040104
1791380730.437 1040104
1791380730.493 1040104
1791380730.548 1040104
1791380730.604 1040104
1791380730.660 1040104
1791380730.715 1040104
1791380730.771 1040104
1791380730.827 1040104
1791380730.882 1040104
1791380730.938 1040104
1791380730.994 1040104
1791380731.050 1040104
1791380731.105 1040104
1791380731.161 1040104
1791380731.217 1040104
1791380731.272 1040104
1791380731.328 1040104
1791380731.382 1040104
1791380731.437 1040104
1791380731.493 1040104
1791380731.549 1040104
1791380731.604 1040104
1791380731.660 1040104
1791380731.716 1040104
1791380731.771 1040104
1791380731.827 1040104
1791380731.883 1040104
1791380731.938 1040104
1791380731.994 1040104
1791380732.049 1040104
1791380732.105 1040104
1791380732.161 1040104
1791380732.216 1040104
1791380732.272 1040104
1791380732.328 1040104
1791380732.383 1040104
1791380732.439 1040104
1791380732.495 1040104
1791380732.550 1040104
1791380732.606 1040104
1791380732.662 1040104
1791380732.717 1040104
1791380732.773 1040104
1791380732.829 1040104
1791380732.884 1040104
1791380732.940 1040104
1791380732.996 1040104
1791380733.052 1040104
1791380733.107 1040104
1791380733.163 1040104
1791380733.219 1040104
1791380733.275 1040104
1791380733.330 1040104
1791380733.386 1040104
1791380733.442 1040104
1791380733.497 1040104
1791380733.553 1040104
1791380733.609 1040104
1791380733.665 1040104
1791380733.720 1040104
1791380733.776 1040104
1791380733.832 1040104
1791380733.887 1040104
1791380733.943 1040104
1791380733.999 1040104
1791380734.055 1040104
1791380734.111 1040104
1791380734.166 1040104
1791380734.222 1040104
1791380734.278 1040104
1791380734.334 1040104
1791380734.389 1040104
1791380734.445 1040104
1791380734.500 1040296
1791380734.556 1040296
1791380734.612 1040296
1791380734.668 1040296
1791380734.722 1040296
1791380734.777 1040296
1791380734.834 1040296
1791380734.889 1040488
1791380734.946 1040488
1791380735.002 1040488
1791380735.058 1040488
1791380735.114 1040488
1791380735.170 1040680
1791380735.226 1040680
1791380735.282 1040680
1791380735.337 1040680
1791380735.393 1040680
1791380735.449 1040680
1791380735.505 1040680
1791380735.560 1040680
1791380735.616 1040680
1791380735.672 1040680
1791380735.728 1040680
1791380735.783 1040680
1791380735.839 1040680
1791380735.895 1040680
1791380735.950 1040680
1791380736.006 1040680
1791380736.062 1040680
1791380736.118 1040680
1791380736.173 1040680
1791380736.229 1040680
1791380736.285 1040680
1791380736.341 1040680
1791380736.396 1040680
1791380736.452 1040680
1791380736.508 1040680
1791380736.564 1040680
1791380736.619 1040680
1791380736.675 1040680
1791380736.731 1040680
1791380736.787 1040680
1791380736.843 1040680
1791380736.898 1040680
1791380736.954 1040680
1791380737.010 1040680
1791380737.065 1040680
1791380737.117 1040680
1791380737.173 1040680
1791380737.229 1040680
1791380737.284 1040680
1791380737.340 1040680
1791380737.396 1040680
1791380737.451 1040680
1791380737.507 1040680
1791380737.563 1040680
1791380737.619 1040680
1791380737.675 1040680
1791380737.730 1040680
1791380737.786 1040680
1791380737.842 1040680
1791380737.898 1040680
1791380737.953 1040680
1791380738.009 1040680
1791380738.065 1040680
1791380738.121 1040680
1791380738.176 1040680
1791380738.232 1040680
1791380738.288 1040680
1791380738.344 1040680
1791380738.399 1040680
1791380738.455 1040680
1791380738.511 1040680
1791380738.567 1040680
1791380738.623 1040680
1791380738.678 1040680
1791380738.734 1040680
1791380738.790 1040680
1791380738.846 1040680
1791380738.901 1040680
1791380738.957 1040680
1791380739.013 1040680
1791380739.069 1040680
1791380739.125 1040680
1791380739.180 1040680
1791380739.236 1040680
1791380739.292 1040680
1791380739.347 1040680
1791380739.403 1040680
1791380739.459 1040680
1791380739.515 1040680
1791380739.570 1040680
1791380739.626 1040680
1791380739.682 1040680
1791380739.737 1040680
1791380739.793 1040680
1791380739.849 1040680
1791380739.905 1040680
1791380739.961 1040680
1791380740.016 1040680
1791380740.072 1040680
1791380740.128 1040680
1791380740.184 1040680
1791380740.239 1040680
1791380740.295 1040680
1791380740.351 1040680
1791380740.402 1040680
1791380740.458 1040680
1791380740.511 1040680
1791380740.567 1040680
1791380740.622 1040680
1791380740.678 1040680
1791380740.734 1040680
1791380740.790 1040680
1791380740.845 1040680
1791380740.901 1040680
1791380740.957 1040680
1791380741.012 1040680
1791380741.068 1040680
1791380741.124 1040680
1791380741.179 1040680
1791380741.235 1040680
1791380741.291 1040680
1791380741.346 1040680
1791380741.402 1040680
1791380741.454 1040680
1791380741.510 1040680
1791380741.565 1040680
1791380741.621 1040680
1791380741.676 1040680
1791380741.732 1040680
1791380741.788 1040680
1791380741.843 1040680
1791380741.899 1040680
1791380741.955 1040680
1791380742.010 1040680
1791380742.066 1040680
1791380742.121 1040680
1791380742.177 1040680
1791380742.233 1040680
1791380742.285 1040872
1791380742.337 1040872
1791380742.393 1040872
1791380742.448 1041064
1791380742.502 1041256
1791380742.554 1041256
1791380742.610 1041448
1791380742.665 1041448
1791380742.721 1042216
1791380742.773 1042216
1791380742.829 1042216
1791380742.884 1042216
1791380742.940 1042216
1791380742.996 1042216
1791380743.052 1042216
1791380743.108 1042216
1791380743.164 1042216
1791380743.220 1042216
1791380743.276 1042216
1791380743.331 1042216
1791380743.387 1042216
1791380743.443 1042408
1791380743.499 1042408
1791380743.554 1042408
1791380743.610 1042408
1791380743.666 1042408
1791380743.722 1042408
1791380743.777 1042408
1791380743.833 1042408
1791380743.889 1042408
1791380743.945 1042408
1791380744.000 1042408
1791380744.056 1042408
1791380744.112 1042408
1791380744.168 1042408
1791380744.223 1042408
1791380744.279 1042408
1791380744.335 1042408
1791380744.391 1042408
1791380744.446 1042408
1791380744.502 1042408
1791380744.558 1042408
1791380744.614 1042408
1791380744.669 1042408
1791380744.725 1042408
1791380744.781 1042408
1791380744.836 1042408
1791380744.892 1042408
1791380744.948 1042408
1791380745.004 1042408
1791380745.059 1042408
1791380745.115 1042408
1791380745.171 1042408
1791380745.227 1042408
1791380745.283 1042408
1791380745.338 1042408
1791380745.394 1042408
1791380745.450 1042408
1791380745.506 1042408
1791380745.561 1042408
1791380745.617 1042600
1791380745.673 1042600
1791380745.729 1042600
1791380745.784 1042600
1791380745.840 1042600
1791380745.896 1042600
1791380745.952 1042600
1791380746.007 1042600
1791380746.063 1042600
1791380746.119 1042600
1791380746.175 1042600
1791380746.230 1042984
1791380746.286 1042984
1791380746.342 1042984
1791380746.398 1042984
1791380746.453 1042984
1791380746.509 1042984
1791380746.565 1042984
1791380746.621 1043176
1791380746.674 1043176
1791380746.730 1043176
1791380746.785 1043176
1791380746.841 1043176
1791380746.897 1043176
1791380746.952 1043176
1791380747.008 1043176
1791380747.064 1043176
1791380747.120 1043176
1791380747.176 1043176
1791380747.231 1043176
1791380747.287 1043176
1791380747.344 1043176
1791380747.399 1043176
1791380747.455 1043176
1791380747.511 1043176
1791380747.567 1043176
1791380747.622 1043176
1791380747.678 1043176
1791380747.734 1043368
1791380747.789 1043368
1791380747.845 1043560
1791380747.901 1043560
1791380747.956 1043560
1791380748.012 1043560
1791380748.068 1046056
1791380748.119 1053928
1791380748.171 1057384
1791380748.223 1062376
1791380748.276 1068520
1791380748.328 1068520
1791380748.380 1068520
1791380748.432 1069096
1791380748.484 1072744
1791380748.535 1073128
1791380748.589 1076008
1791380748.643 1077160
1791380748.695 1082344
1791380748.748 1086568
1791380748.800 1086568
1791380748.851 1089064
1791380748.903 1089064
1791380748.956 1089064
1791380749.007 1089064
1791380749.061 1089064
1791380749.113 1089064
1791380749.164 1089064
1791380749.216 1089064
1791380749.268 1089256
1791380749.319 1089256
1791380749.371 1089256
1791380749.423 1089256
1791380749.475 1089256
1791380749.527 1089256
1791380749.579 1089448
1791380749.630 1089448
1791380749.681 1089448
1791380749.733 1089448
1791380749.784 1089448
1791380749.836 1089448
1791380749.887 1089448
1791380749.938 1090024
1791380749.991 1092328
1791380750.044 1093288
1791380750.096 1093288
1791380750.147 1093288
1791380750.199 1093288
1791380750.250 1093288
1791380750.302 1093288
1791380750.354 1093288
1791380750.405 1093288
1791380750.457 1093288
1791380750.508 1093288
1791380750.560 1095976
1791380750.612 1096168
1791380750.663 1096360
1791380750.715 1096360
1791380750.766 1096360
1791380750.818 1096552
1791380750.870 1096552
1791380750.921 1096552
1791380750.973 1096552
1791380751.025 1096552
1791380751.076 1096552
1791380751.128 1096552
1791380751.179 1096552
1791380751.231 1096552
1791380751.282 1096552
1791380751.334 1096552
1791380751.386 1096552
1791380751.437 1096552
1791380751.489 1097128
1791380751.541 1097128
1791380751.592 1097128
1791380751.644 1097512
1791380751.695 1097512
1791380751.746 1097512
1791380751.798 1097512
1791380751.850 1097512
1791380751.901 1097512
1791380751.953 1097512
1791380752.004 1097512
1791380752.056 1097512
1791380752.107 1097512
1791380752.159 1097512
1791380752.210 1097512
1791380752.262 1097512
1791380752.314 1097512
1791380752.365 1097512
1791380752.417 1097512
1791380752.468 1097704
1791380752.520 1097704
1791380752.571 1097704
1791380752.623 1097704
1791380752.675 1097704
1791380752.726 1097704
1791380752.778 1097704
1791380752.829 1097704
1791380752.881 1097704
1791380752.933 1097704
1791380752.984 1097704
1791380753.036 1097704
1791380753.087 1097704
1791380753.139 1097704
1791380753.191 1097704
1791380753.242 1097704
1791380753.294 1097704
1791380753.346 1098088
1791380753.397 1098088
1791380753.448 1098088
1791380753.500 1098088
1791380753.551 1098088
1791380753.603 1098088
1791380753.654 1102696
1791380753.705 1108264
1791380753.757 1113640
1791380753.808 1119016
1791380753.859 1124776
1791380753.911 1129768
1791380753.962 1135144
1791380754.013 1140904
1791380754.065 1146664
1791380754.116 1152040
1791380754.168 1157992
1791380754.219 1163752
1791380754.270 1169704
1791380754.322 1175272
1791380754.373 1180840
1791380754.424 1186408
1791380754.476 1191784
1791380754.527 1196968
1791380754.578 1201768
1791380754.630 1206376
1791380754.681 1210792
1791380754.732 1215208
1791380754.784 1219432
1791380754.835 1223464
1791380754.887 1227688
1791380754.938 1231912
1791380754.989 1236136
1791380755.041 1239976
1791380755.092 1244008
1791380755.143 1247848
1791380755.195 1252072
1791380755.249 1252264
1791380755.301 1254376
1791380755.352 1254376
1791380755.404 1254376
1791380755.455 1254376
1791380755.506 1254376
1791380755.558 1254376
1791380755.609 1254376
1791380755.660 1254376
1791380755.712 1254376
1791380755.763 1254376
1791380755.815 1254376
1791380755.866 1256680
1791380755.917 1284904
1791380755.971 1316392
1791380756.024 1324072
1791380756.077 1353448
1791380756.131 1375144
1791380756.184 1376680
1791380756.235 1376872
1791380756.287 1372440
1791380756.338 1372632
1791380756.389 1372632
1791380756.441 1372632
1791380756.492 1372632
1791380756.544 1372632
1791380756.595 1372632
1791380756.646 1372632
1791380756.697 1372632
1791380756.749 1373208
1791380756.800 1373208
1791380756.851 1480536
1791380756.903 1550616
1791380756.954 1550616
1791380757.005 1569624
1791380757.057 1574908
1791380757.108 1575292
1791380757.161 1567628
1791380757.213 1636940
1791380757.264 1764428
1791380757.316 1888652
1791380757.367 2005772
1791380757.418 2108108
1791380757.470 2210828
1791380757.521 2302220
1791380757.572 2425100
1791380757.625 2553932
1791380757.677 2553932
1791380757.728 2775500
1791380757.781 2926988
1791380757.832 2926988
1791380757.883 2926988
1791380757.935 2927180
1791380757.986 2994380
1791380758.039 3138188
1791380758.090 3138380
1791380758.142 3138572
1791380758.195 3138572
1791380758.248 3236684
1791380758.301 3314252
1791380758.355 3395468
1791380758.408 3469196
1791380758.461 3608204
1791380758.515 3859916
1791380758.568 4012364
1791380758.621 4153868
1791380758.674 4297868
1791380758.728 4439180
1791380758.779 4577996
1791380758.830 4670540
1791380758.882 4963916
1791380758.935 5086028
1791380758.987 5086796
1791380759.039 5086796
1791380759.090 5086796
1791380759.142 5086796
1791380759.196 5087372
1791380759.249 5254412
1791380759.302 5276300
1791380759.353 5276876
1791380759.405 5280524
1791380759.456 5292236
1791380759.507 5297996
1791380759.559 5301836
1791380759.610 5305100
1791380759.662 5311436
1791380759.713 5326412
1791380759.764 5320464
1791380759.816 5316924
1791380759.867 5322684
1791380759.919 5312624
1791380759.970 5313200
1791380760.021 5313776
1791380760.073 5313776
1791380760.124 5313776
1791380760.175 5313776
1791380760.228 5314352
1791380760.279 5316656
1791380760.330 5316656
1791380760.382 5316656
1791380760.433 5316656
1791380760.485 5316656
1791380760.536 5316656
1791380760.588 5317424
1791380760.639 5322224
1791380760.690 5322416
1791380760.742 5322416
1791380760.793 5316952
1791380760.848 5316952
1791380760.903 5316952
1791380760.959 5316952
1791380761.014 5316952
1791380761.069 5316952
1791380761.124 5316952
1791380761.179 5316952
1791380761.234 5316952
1791380761.289 5316952
1791380761.344 5316952
1791380761.399 5316952
1791380761.454 5316952
1791380761.509 5316952
1791380761.564 5316952
1791380761.619 5316952
1791380761.674 5316952
1791380761.729 5316952
1791380761.784 5316952
1791380761.839 5316952
1791380761.894 5316952
1791380761.949 5316952
1791380762.004 5316952
1791380762.059 5316952
1791380762.114 5316952
1791380762.169 5316952
1791380762.224 5316952
1791380762.279 5316952
1791380762.334 5316952
1791380762.389 5316952
1791380762.444 5316952
1791380762.499 5316952
1791380762.554 5316952
1791380762.609 5316952
1791380762.664 5316952
1791380762.719 5317144
1791380762.774 5317144
1791380762.829 5317144
1791380762.884 5289652
1791380762.939 5289652
1791380762.994 5289844
1791380763.049 5289844
1791380763.105 5289844
1791380763.160 5289844
1791380763.215 5289844
1791380763.270 5289844
1791380763.325 5289844
1791380763.380 5289844
1791380763.435 5289844
1791380763.490 5289844
1791380763.545 5289844
1791380763.596 5289844
1791380763.650 5289844
1791380763.705 5289844
1791380763.760 5289844
1791380763.815 5289844
1791380763.870 5289844
1791380763.925 5289844
1791380763.980 5289844
1791380764.036 5289844
1791380764.091 5289844
1791380764.146 5289844
1791380764.201 5289844
1791380764.256 5289844
1791380764.311 5289844
1791380764.366 5289844
1791380764.421 5289844
1791380764.476 5289844
1791380764.531 5289844
1791380764.586 5289844
1791380764.641 5289844
1791380764.696 5289844
1791380764.751 5289844
1791380764.806 5289844
1791380764.862 5289844
1791380764.917 5289844
1791380764.972 5289844
1791380765.027 5289844
1791380765.082 5289844
1791380765.137 5289844
1791380765.192 5289844
1791380765.247 5289844
1791380765.302 5289844
1791380765.357 5289844
1791380765.412 5289844
1791380765.467 5289844
1791380765.522 5289844
1791380765.577 5289844
1791380765.632 5289844
1791380765.688 5289844
1791380765.742 5289844
1791380765.797 5289844
1791380765.852 5289844
1791380765.907 5289844
1791380765.962 5289844
1791380766.017 5289844
1791380766.072 5289844
1791380766.128 5289844
1791380766.183 5289844
1791380766.238 5289844
1791380766.293 5289844
1791380766.348 5289844
1791380766.402 5289844
1791380766.457 5289844
1791380766.512 5289844
1791380766.567 5289844
1791380766.622 5289844
1791380766.677 5289844
1791380766.732 5289844
1791380766.787 5289844
1791380766.842 5289844
1791380766.896 5289844
1791380766.951 5289844
1791380767.006 5289844
1791380767.061 5289844
1791380767.116 5289844
1791380767.171 5289844
1791380767.226 5289844
1791380767.281 5289844
1791380767.336 5289844
1791380767.391 5289844
1791380767.445 5289844
1791380767.500 5289844
1791380767.555 5289844
1791380767.610 5289844
1791380767.665 5289844
1791380767.720 5289844
1791380767.775 5289844
1791380767.830 5289844
1791380767.885 5289844
1791380767.939 5289844
1791380767.994 5289844
1791380768.049 5289844
1791380768.104 5289844
1791380768.159 5289844
1791380768.214 5289844
1791380768.269 5289844
1791380768.323 5289844
1791380768.375 5289844
1791380768.430 5289844
1791380768.486 5289844
1791380768.541 5289844
1791380768.596 5289844
1791380768.651 5289844
1791380768.706 5289844
1791380768.761 5289844
1791380768.816 5289844
1791380768.871 5289844
1791380768.925 5289844
1791380768.980 5289844
1791380769.035 5289844
1791380769.090 5289844
1791380769.145 5289844
1791380769.200 5289844
1791380769.255 5289844
1791380769.310 5289844
1791380769.365 5289844
1791380769.420 5289844
1791380769.475 5289844
1791380769.530 5289844
1791380769.585 5289844
1791380769.640 5289844
1791380769.695 5289844
1791380769.750 5289844
1791380769.805 5289844
1791380769.860 5289844
1791380769.915 5289844
1791380769.970 5289844
1791380770.025 5290036
1791380770.080 5290036
1791380770.135 5290036
1791380770.190 5290036
1791380770.245 5290036
1791380770.299 5290036
1791380770.354 5290036
1791380770.409 5290036
1791380770.464 5290036
1791380770.519 5290036
1791380770.574 5290036
1791380770.629 5290036
1791380770.684 5290036
1791380770.739 5290036
1791380770.794 5290036
1791380770.849 5290036
1791380770.904 5290036
1791380770.959 5290036
1791380771.014 5290036
1791380771.070 5290036
1791380771.125 5290036
1791380771.180 5290036
1791380771.235 5290036
1791380771.290 5290036
1791380771.345 5290036
1791380771.400 5290036
1791380771.454 5290036
1791380771.509 5290036
1791380771.564 5290036
1791380771.619 5290036
1791380771.674 5290036
1791380771.729 5290036
1791380771.784 5290036
1791380771.839 5290036
1791380771.894 5290036
1791380771.949 5290036
1791380772.004 5290036
1791380772.058 5290036
1791380772.114 5290036
1791380772.168 5290036
1791380772.223 5290036
1791380772.278 5290036
1791380772.333 5290036
1791380772.388 5290036
1791380772.443 5290036
1791380772.498 5290036
1791380772.553 5290036
1791380772.608 5290036
1791380772.663 5290036
1791380772.717 5290036
1791380772.772 5290036
1791380772.827 5290036
1791380772.882 5290036
1791380772.937 5290036
1791380772.992 5290036
1791380773.047 5290036
1791380773.102 5290036
1791380773.157 5290036
1791380773.212 5290036
1791380773.266 5290036
1791380773.321 5290036
1791380773.376 5290036
1791380773.431 5290036
1791380773.487 5290036
1791380773.542 5290036
1791380773.597 5290036
1791380773.652 5290036
1791380773.706 5290036
1791380773.761 5290036
1791380773.816 5290036
1791380773.871 5290036
1791380773.926 5290036
1791380773.979 5290036
1791380774.033 5290036
1791380774.088 5290036
1791380774.143 5290036
1791380774.198 5290036
1791380774.253 5290036
1791380774.308 5290036
1791380774.363 5290036
1791380774.417 5290036
1791380774.472 5290036
1791380774.527 5290036
1791380774.582 5290036
1791380774.637 5290036
1791380774.692 5290036
1791380774.747 5290036
1791380774.802 5290036
1791380774.856 5290036
1791380774.911 5290036
1791380774.966 5290036
1791380775.021 5290036
1791380775.076 5290036
1791380775.131 5290036
1791380775.186 5290036
1791380775.241 5290036
1791380775.296 5290036
1791380775.351 5290036
1791380775.406 5290036
1791380775.460 5290036
1791380775.515 5290036
1791380775.569 5290036
1791380775.625 5290036
1791380775.680 5290036
1791380775.735 5290036
1791380775.789 5290036
1791380775.844 5290036
1791380775.899 5290036
1791380775.954 5290036
1791380776.009 5290036
1791380776.064 5290036
1791380776.119 5290036
1791380776.174 5290036
1791380776.229 5290036
1791380776.284 5290036
1791380776.338 5290036
1791380776.393 5290036
1791380776.448 5290036
1791380776.503 5290036
1791380776.558 5290036
1791380776.613 5290036
1791380776.668 5290036
1791380776.723 5290036
1791380776.778 5290036
1791380776.833 5290036
1791380776.887 5290036
1791380776.943 5290036
1791380776.997 5290036
1791380777.052 5290036
1791380777.107 5290036
1791380777.162 5290036
1791380777.217 5290036
1791380777.272 5290036
1791380777.327 5290036
1791380777.382 5290036
1791380777.437 5290036
1791380777.492 5290036
1791380777.547 5290036
1791380777.601 5290036
1791380777.656 5290036
1791380777.711 5290036
1791380777.766 5290036
1791380777.821 5290036
1791380777.874 5290036
1791380777.928 5290036
1791380777.983 5290036
1791380778.038 5290036
1791380778.093 5290036
1791380778.148 5290036
1791380778.203 5290036
1791380778.258 5290036
1791380778.313 5290036
1791380778.368 5290036
1791380778.422 5290036
1791380778.477 5290036
1791380778.532 5290036
1791380778.587 5290036
1791380778.642 5290036
1791380778.697 5290036
1791380778.752 5290036
1791380778.807 5290036
1791380778.861 5290036
1791380778.913 5290036
1791380778.968 5290036
1791380779.023 5290036
1791380779.078 5290036
1791380779.129 5290036
1791380779.181 5290036
1791380779.236 5290036
1791380779.290 5290036
1791380779.345 5290036
1791380779.400 5290036
1791380779.455 5290036
1791380779.510 5290036
1791380779.565 5290036
1791380779.620 5290036
1791380779.675 5290036
1791380779.730 5290036
1791380779.785 5290036
1791380779.840 5290036
1791380779.895 5290036
1791380779.950 5290036
1791380780.005 5290036
1791380780.059 5290036
1791380780.112 5290036
1791380780.168 5290036
1791380780.223 5290036
1791380780.278 5290036
1791380780.333 5290036
1791380780.387 5290036
1791380780.442 5290036
1791380780.497 5290036
1791380780.552 5290036
1791380780.607 5290036
1791380780.662 5290036
1791380780.717 5290036
1791380780.772 5290036
1791380780.827 5290036
1791380780.882 5290036
1791380780.936 5290036
1791380780.991 5290036
1791380781.046 5290036
1791380781.101 5290036
1791380781.156 5290036
1791380781.211 5290036
1791380781.266 5290036
1791380781.321 5290036
1791380781.376 5290036
1791380781.431 5290036
1791380781.486 5290036
1791380781.540 5290036
1791380781.595 5290036
1791380781.650 5290036
1791380781.705 5290036
1791380781.760 5290036
1791380781.815 5290036
1791380781.870 5290036
1791380781.925 5290036
1791380781.980 5290036
1791380782.035 5290036
1791380782.090 5290036
1791380782.144 5290036
1791380782.199 5290036
1791380782.254 5290036
1791380782.309 5290036
1791380782.364 5290036
1791380782.419 5290036
1791380782.474 5290036
1791380782.529 5290036
1791380782.584 5290036
1791380782.639 5290036
1791380782.693 5290036
1791380782.748 5290036
1791380782.803 5290036
1791380782.858 5290036
1791380782.913 5290036
1791380782.968 5290036
1791380783.023 5290036
1791380783.078 5290036
1791380783.132 5290036
1791380783.187 5290036
1791380783.242 5290036
1791380783.297 5290036
1791380783.352 5290036
1791380783.407 5290036
1791380783.462 5290036
1791380783.517 5290036
1791380783.571 5290036
1791380783.626 5290036
1791380783.681 5290036
1791380783.736 5290036
1791380783.791 5290036
1791380783.846 5290036
1791380783.901 5290036
1791380783.955 5290036
1791380784.010 5290036
1791380784.065 5290036
1791380784.120 5290036
1791380784.175 5290036
1791380784.230 5290036
1791380784.285 5290036
1791380784.340 5290036
1791380784.395 5290036
1791380784.449 5290036
1791380784.504 5290036
1791380784.559 5290036
1791380784.614 5290036
1791380784.669 5290036
1791380784.724 5290036
1791380784.778 5290036
1791380784.833 5290036
1791380784.888 5290036
1791380784.943 5290036
1791380784.998 5290036
1791380785.053 5290036
1791380785.108 5290036
1791380785.162 5290036
1791380785.217 5290036
1791380785.272 5290036
1791380785.327 5290036
1791380785.382 5290036
1791380785.437 5290036
1791380785.492 5290036
1791380785.547 5290036
1791380785.602 5290036
1791380785.657 5290036
1791380785.711 5290036
1791380785.766 5290036
1791380785.821 5290036
1791380785.876 5290036
1791380785.931 5290036
1791380785.985 5290036
1791380786.040 5290036
1791380786.095 5290036
1791380786.150 5290036
1791380786.205 5290036
1791380786.260 5290036
1791380786.315 5290612
1791380786.366 5294068
1791380786.417 5313076
1791380786.471 5319220
1791380786.523 5319220
1791380786.574 5319220
1791380786.626 5319220
1791380786.681 5319220
1791380786.736 5319220
1791380786.791 5319220
1791380786.846 5319220
1791380786.902 5319220
1791380786.957 5319220
1791380787.013 5319220
1791380787.068 5319220
1791380787.123 5319220
1791380787.178 5319220
1791380787.233 5319220
1791380787.289 5319220
1791380787.344 5319220
1791380787.399 5319220
1791380787.454 5319220
1791380787.509 5319220
1791380787.564 5319220
1791380787.618 5319220
1791380787.673 5319220
1791380787.728 5319220
1791380787.783 5319220
1791380787.838 5319220
1791380787.893 5319220
1791380787.948 5312428
1791380788.003 5312428
1791380788.058 5312428
1791380788.113 5312428
1791380788.168 5312428
1791380788.223 5312428
1791380788.278 5312428
1791380788.333 5312428
1791380788.388 5312428
1791380788.443 5312428
1791380788.498 5312428
1791380788.549 5312428
1791380788.604 5312428
1791380788.659 5312428
1791380788.714 5312428
1791380788.769 5312428
1791380788.824 5312428
1791380788.879 5312428
1791380788.934 5312428
1791380788.989 5312428
1791380789.044 5312428
1791380789.099 5312428
1791380789.154 5312428
1791380789.209 5312428
1791380789.264 5312428
1791380789.319 5312428
1791380789.374 5312428
1791380789.429 5312428
1791380789.484 5312428
1791380789.538 5312428
1791380789.593 5312428
1791380789.648 5312428
1791380789.703 5312428
1791380789.758 5312428
1791380789.813 5312428
1791380789.868 5312428
1791380789.923 5312428
1791380789.978 5312428
1791380790.032 5312428
1791380790.087 5312428
1791380790.143 5312428
1791380790.198 5312428
1791380790.253 5312428
1791380790.308 5312428
1791380790.363 5312428
1791380790.418 5312428
1791380790.473 5312428
1791380790.528 5312428
1791380790.583 5312428
1791380790.638 5312428
1791380790.693 5312428
1791380790.748 5312428
1791380790.803 5312428
1791380790.858 5312428
1791380790.912 5312428
1791380790.968 5312428
1791380791.023 5312428
1791380791.078 5312428
1791380791.133 5312428
1791380791.187 5321644
1791380791.239 5325292
1791380791.290 5329516
1791380791.341 5337772
1791380791.393 5337772
1791380791.444 5337772
1791380791.495 5343916
1791380791.547 5352172
1791380791.598 5352172
1791380791.649 5352172
1791380791.701 5352172
1791380791.755 5352172
1791380791.807 5352172
1791380791.858 5352172
1791380791.913 5352172
1791380791.968 5352172
1791380792.023 5352172
1791380792.078 5352172
1791380792.133 5352172
1791380792.188 5352172
1791380792.243 5352172
1791380792.298 5352172
1791380792.352 5352172
1791380792.407 5352172
1791380792.462 5352172
1791380792.517 5352172
1791380792.571 5352172
1791380792.626 5352172
1791380792.681 5352172
1791380792.736 5352172
1791380792.791 5352172
1791380792.845 5352172
1791380792.900 5352172
1791380792.955 5352172
1791380793.010 5352172
1791380793.065 5352172
1791380793.120 5352172
1791380793.175 5352172
1791380793.229 5352172
1791380793.284 5352172
1791380793.339 5352172
1791380793.394 5352172
1791380793.449 5352172
1791380793.504 5352172
1791380793.558 5352172
1791380793.613 5352172
1791380793.668 5352172
1791380793.723 5352172
1791380793.778 5352172
1791380793.833 5352172
1791380793.887 5352172
1791380793.942 5352172
1791380793.997 5352172
1791380794.052 5352172
1791380794.107 5352172
1791380794.162 5352172
1791380794.217 5352172
1791380794.271 5352172
1791380794.326 5352172
1791380794.381 5352172
1791380794.436 5352172
1791380794.491 5352172
1791380794.546 5352172
1791380794.601 5352172
1791380794.656 5352172
1791380794.711 5352172
1791380794.765 5352172
1791380794.820 5352172
1791380794.875 5352172
1791380794.930 5352172
1791380794.985 5352172
1791380795.040 5352172
1791380795.095 5352172
1791380795.150 5352172
1791380795.205 5352172
1791380795.260 5352172
1791380795.314 5352172
1791380795.369 5352172
1791380795.424 5352172
1791380795.479 5352172
1791380795.534 5352172
1791380795.589 5352172
1791380795.644 5352172
1791380795.699 5352172
1791380795.753 5352172
1791380795.808 5352172
1791380795.863 5352172
1791380795.918 5352172
1791380795.973 5352172
1791380796.028 5352172
1791380796.082 5352172
1791380796.137 5352172
1791380796.192 5352172
1791380796.247 5352172
1791380796.302 5352172
1791380796.357 5352172
1791380796.412 5352172
1791380796.466 5352172
1791380796.521 5352172
1791380796.576 5352172
1791380796.631 5352172
1791380796.686 5352172
1791380796.741 5352172
1791380796.795 5352172
1791380796.850 5352172
1791380796.905 5352172
1791380796.960 5352172
1791380797.015 5352172
1791380797.070 5352172
1791380797.123 5352172
1791380797.175 5352172
1791380797.230 5352172
1791380797.285 5352172
1791380797.340 5352172
1791380797.395 5352172
1791380797.450 5352172
1791380797.504 5352172
1791380797.559 5352172
1791380797.614 5352172
1791380797.669 5352172
1791380797.724 5352172
1791380797.779 5352172
1791380797.834 5352172
1791380797.888 5352172
1791380797.943 5352172
1791380797.998 5352172
1791380798.053 5352172
1791380798.108 5352172
1791380798.163 5352172
1791380798.218 5352172
1791380798.273 5352172
1791380798.328 5352172
1791380798.383 5352172
1791380798.438 5352172
1791380798.493 5352172
1791380798.548 5352172
1791380798.603 5352172
1791380798.658 5352172
1791380798.713 5352172
1791380798.768 5352172
1791380798.823 5352172
1791380798.878 5352172
1791380798.934 5352172
1791380798.989 5352172
1791380799.044 5352172
1791380799.099 5352172
1791380799.154 5352172
1791380799.209 5352172
1791380799.264 5352172
1791380799.319 5352172
1791380799.374 5352172
1791380799.429 5352172
1791380799.483 5352172
1791380799.538 5352172
1791380799.593 5352172
1791380799.648 5352172
1791380799.703 5352172
1791380799.758 5352172
1791380799.813 5352172
1791380799.868 5352172
1791380799.923 5352172
1791380799.978 5352172
1791380800.033 5352172
1791380800.088 5352172
1791380800.143 5352172
1791380800.198 5352172
1791380800.252 5352172
1791380800.307 5352172
1791380800.362 5352172
1791380800.417 5352172
1791380800.472 5352172
1791380800.527 5352172
1791380800.582 5352172
1791380800.637 5352172
1791380800.692 5352172
1791380800.746 5352172
1791380800.801 5352172
1791380800.856 5352172
1791380800.911 5352172
1791380800.966 5352172
1791380801.021 5352172
1791380801.076 5352172
1791380801.131 5352172
1791380801.185 5352172
1791380801.240 5352172
1791380801.295 5352172
1791380801.350 5352172
1791380801.405 5352172
1791380801.460 5352172
1791380801.515 5352172
1791380801.570 5352172
1791380801.625 5352172
1791380801.679 5352172
1791380801.734 5352172
1791380801.789 5352172
1791380801.844 5352172
1791380801.899 5352172
1791380801.954 5352172
1791380802.006 5352172
1791380802.061 5352172
1791380802.116 5352172
1791380802.171 5352172
1791380802.226 5352172
1791380802.280 5352172
1791380802.335 5352172
1791380802.390 5352172
1791380802.445 5352172
1791380802.500 5352172
1791380802.555 5352172
1791380802.610 5352172
1791380802.665 5352172
1791380802.719 5352172
1791380802.774 5352172
1791380802.829 5352172
1791380802.884 5352172
1791380802.939 5352172
1791380802.994 5352172
1791380803.048 5352172
1791380803.103 5352172
1791380803.158 5352172
1791380803.213 5352172
1791380803.268 5352172
1791380803.323 5352172
1791380803.378 5352172
1791380803.433 5352172
1791380803.488 5352172
1791380803.543 5352172
1791380803.598 5352172
1791380803.652 5352172
1791380803.707 5352172
1791380803.762 5352172
1791380803.817 5352172
1791380803.872 5352172
1791380803.927 5352172
1791380803.981 5352172
1791380804.036 5352172
1791380804.091 5352172
1791380804.146 5353516
1791380804.200 4744648
1791380804.251 1912996
1791380804.303 4800
