1791379760.610 32972
1791379760.660 50444
1791379760.711 61196
1791379760.761 77556
1791379760.812 96320
1791379760.863 124608
1791379760.914 139112
1791379760.965 145040
1791379761.016 150800
1791379761.067 154640
1791379761.118 154640
1791379761.169 161744
1791379761.220 189968
1791379761.272 219524
1791379761.323 233972
1791379761.375 246836
1791379761.427 251416
1791379761.478 254964
1791379761.529 254772
1791379761.581 258456
1791379761.632 263256
1791379761.683 282648
1791379761.734 286104
1791379761.788 294936
1791379761.840 297624
1791379761.891 300888
1791379761.943 303960
1791379761.994 304920
1791379762.046 304920
1791379762.101 304920
1791379762.155 308184
1791379762.206 310872
1791379762.257 312408
1791379762.309 320544
1791379762.361 325536
1791379762.412 325920
1791379762.467 325920
1791379762.522 325920
1791379762.577 325920
1791379762.632 325920
1791379762.687 325920
1791379762.742 325920
1791379762.797 325920
1791379762.852 325920
1791379762.907 325920
1791379762.962 325920
1791379763.017 325920
1791379763.072 325920
1791379763.127 325920
1791379763.181 325920
1791379763.237 325920
1791379763.292 325920
1791379763.347 325920
1791379763.402 325920
1791379763.457 325920
1791379763.512 325920
1791379763.567 325920
1791379763.619 325920
1791379763.674 325920
1791379763.730 325920
1791379763.785 325920
1791379763.840 325920
1791379763.895 325920
1791379763.950 325920
1791379764.005 325920
1791379764.060 325920
1791379764.115 325920
1791379764.170 325920
1791379764.225 325920
1791379764.280 325920
1791379764.335 325920
1791379764.389 325920
1791379764.444 325920
1791379764.499 325920
1791379764.554 325920
1791379764.609 325920
1791379764.663 325920
1791379764.718 325920
1791379764.773 325920
1791379764.828 325920
1791379764.883 325920
1791379764.938 325920
1791379764.993 325920
1791379765.048 325920
1791379765.103 325920
1791379765.158 325920
1791379765.212 325920
1791379765.268 325920
1791379765.323 325920
1791379765.378 325920
1791379765.433 325920
1791379765.488 325920
1791379765.543 325920
1791379765.597 325920
1791379765.652 316132
1791379765.707 316132
1791379765.762 316132
1791379765.817 316132
1791379765.872 316132
1791379765.927 316132
1791379765.982 316132
1791379766.036 316132
1791379766.091 316132
1791379766.146 316132
1791379766.201 316132
1791379766.256 316132
1791379766.311 316132
1791379766.366 316132
1791379766.421 316132
1791379766.476 316132
1791379766.530 316132
1791379766.585 316132
1791379766.640 316132
1791379766.693 316132
1791379766.746 316132
1791379766.801 316132
1791379766.856 316132
1791379766.910 316132
1791379766.966 316132
1791379767.020 316132
1791379767.075 316132
1791379767.130 316132
1791379767.185 316132
1791379767.239 316132
1791379767.294 316132
1791379767.349 316132
1791379767.404 316324
1791379767.458 316324
1791379767.513 316324
1791379767.568 316516
1791379767.621 316708
1791379767.675 316708
1791379767.730 316708
1791379767.785 316708
1791379767.839 316708
1791379767.894 316708
1791379767.946 316708
1791379767.999 316708
1791379768.054 316708
1791379768.108 316708
1791379768.163 316708
1791379768.217 316708
1791379768.272 316708
1791379768.327 316708
1791379768.381 316708
1791379768.436 316708
1791379768.491 316708
1791379768.545 316708
1791379768.600 316708
1791379768.655 316708
1791379768.709 316708
1791379768.764 316708
1791379768.819 316708
1791379768.873 316708
1791379768.928 316708
1791379768.983 316708
1791379769.037 316708
1791379769.093 316708
1791379769.148 316708
1791379769.202 316708
1791379769.257 316708
1791379769.310 316708
1791379769.364 316708
1791379769.419 316708
1791379769.474 316708
1791379769.529 316708
1791379769.583 316708
1791379769.638 316708
1791379769.693 316708
1791379769.747 316708
1791379769.802 316708
1791379769.857 316708
1791379769.911 316708
1791379769.962 316708
1791379770.014 316708
1791379770.068 316708
1791379770.123 316708
1791379770.177 316708
1791379770.232 316708
1791379770.287 316708
1791379770.342 316708
1791379770.396 316708
1791379770.451 316708
1791379770.506 316708
1791379770.560 316708
1791379770.611 316708
1791379770.666 316708
1791379770.720 316708
1791379770.775 316708
1791379770.830 316708
1791379770.884 316708
1791379770.939 316708
1791379770.994 316708
1791379771.049 316708
1791379771.103 316708
1791379771.158 316708
1791379771.213 316708
1791379771.268 316708
1791379771.323 316708
1791379771.377 316708
1791379771.432 316708
1791379771.487 316708
1791379771.542 316708
1791379771.597 316708
1791379771.652 316708
1791379771.706 316708
1791379771.761 316708
1791379771.816 316708
1791379771.871 316708
1791379771.925 316708
1791379771.980 316708
1791379772.035 316708
1791379772.090 316708
1791379772.144 316708
1791379772.198 316708
1791379772.253 316708
1791379772.308 316708
1791379772.363 316708
1791379772.417 316708
1791379772.472 316708
1791379772.527 316708
1791379772.581 316708
1791379772.636 316708
1791379772.687 316708
1791379772.742 316708
1791379772.796 316708
1791379772.851 316708
1791379772.906 316708
1791379772.961 316708
1791379773.015 316708
1791379773.070 316708
1791379773.125 316708
1791379773.179 316708
1791379773.234 316708
1791379773.289 316708
1791379773.343 316708
1791379773.398 316708
1791379773.453 316708
1791379773.508 316708
1791379773.563 316708
1791379773.618 316708
1791379773.672 316708
1791379773.727 316708
1791379773.782 316708
1791379773.837 316708
1791379773.892 316708
1791379773.946 316708
1791379774.001 316708
1791379774.056 316708
1791379774.110 316708
1791379774.165 316708
1791379774.219 316708
1791379774.274 316708
1791379774.329 316708
1791379774.383 316708
1791379774.438 316708
1791379774.493 316708
1791379774.547 316708
1791379774.602 316708
1791379774.657 316708
1791379774.711 316708
1791379774.766 316708
1791379774.821 316708
1791379774.875 316708
1791379774.930 316708
1791379774.985 316708
1791379775.039 316708
1791379775.094 316708
1791379775.149 316708
1791379775.204 316708
1791379775.258 316708
1791379775.313 316708
1791379775.366 316708
1791379775.421 316708
1791379775.475 316708
1791379775.530 316708
1791379775.585 316708
1791379775.640 316708
1791379775.694 316708
1791379775.749 316708
1791379775.804 316708
1791379775.857 316708
1791379775.911 316708
1791379775.966 316708
1791379776.021 316708
1791379776.075 316708
1791379776.131 316708
1791379776.188 316708
1791379776.243 316708
1791379776.298 316708
1791379776.353 316708
1791379776.407 316708
1791379776.459 316708
1791379776.512 316708
1791379776.567 316708
1791379776.622 316708
1791379776.676 316708
1791379776.731 316708
1791379776.786 316708
1791379776.841 316708
1791379776.895 316708
1791379776.950 316708
1791379777.005 316708
1791379777.059 316708
1791379777.114 316708
1791379777.166 316708
1791379777.220 316708
1791379777.276 316708
1791379777.331 316708
1791379777.385 316708
1791379777.438 316708
1791379777.492 316708
1791379777.547 316708
1791379777.602 316708
1791379777.657 316708
1791379777.711 316708
1791379777.766 316708
1791379777.820 316708
1791379777.875 316708
1791379777.929 316708
1791379777.980 316708
1791379778.032 316708
1791379778.088 316708
1791379778.142 316708
1791379778.197 316708
1791379778.251 316708
1791379778.306 316708
1791379778.361 316708
1791379778.415 316708
1791379778.470 316708
1791379778.525 316708
1791379778.579 316708
1791379778.634 316708
1791379778.689 316708
1791379778.743 316708
1791379778.798 316708
1791379778.853 316708
1791379778.907 316708
1791379778.962 316708
1791379779.017 316708
1791379779.071 316708
1791379779.123 316708
1791379779.178 316708
1791379779.233 316708
1791379779.288 316708
1791379779.342 316708
1791379779.397 316708
1791379779.452 316708
1791379779.506 316708
1791379779.561 316708
1791379779.615 316708
1791379779.670 316708
1791379779.725 316708
1791379779.779 316708
1791379779.834 316708
1791379779.889 316708
1791379779.943 316708
1791379779.998 316708
1791379780.053 316708
1791379780.107 316708
1791379780.162 316708
1791379780.217 316708
1791379780.272 316708
1791379780.326 316708
1791379780.381 316708
1791379780.436 316708
1791379780.491 316708
1791379780.545 316708
1791379780.600 316708
1791379780.651 316708
1791379780.706 316900
1791379780.761 316900
1791379780.816 316900
1791379780.869 316900
1791379780.922 316900
1791379780.976 316900
1791379781.028 316900
1791379781.083 316900
1791379781.137 316900
1791379781.192 316900
1791379781.247 316900
1791379781.302 316900
1791379781.357 316900
1791379781.411 316900
1791379781.466 316900
1791379781.521 316900
1791379781.576 316900
1791379781.631 316900
1791379781.686 316900
1791379781.740 316900
1791379781.795 316900
1791379781.850 316900
1791379781.905 316900
1791379781.960 316900
1791379782.014 316900
1791379782.070 316900
1791379782.124 316900
1791379782.179 316900
1791379782.234 316900
1791379782.289 316900
1791379782.344 316900
1791379782.399 316900
1791379782.454 316900
1791379782.508 316900
1791379782.563 316900
1791379782.618 316900
1791379782.672 316900
1791379782.727 316900
1791379782.782 316900
1791379782.836 316900
1791379782.891 316900
1791379782.946 316900
1791379783.000 316900
1791379783.055 316900
1791379783.110 316900
1791379783.164 316900
1791379783.219 316900
1791379783.274 316900
1791379783.329 316900
1791379783.384 316900
1791379783.439 316900
1791379783.493 316900
1791379783.548 316900
1791379783.603 316900
1791379783.657 316900
1791379783.715 316900
1791379783.773 316900
1791379783.828 316900
1791379783.882 316900
1791379783.937 316900
1791379783.992 316900
1791379784.047 316900
1791379784.101 316900
1791379784.156 316900
1791379784.210 316900
1791379784.266 316900
1791379784.320 316900
1791379784.375 316900
1791379784.430 316900
1791379784.484 316900
1791379784.539 316900
1791379784.594 316900
1791379784.648 316900
1791379784.703 316900
1791379784.758 316900
1791379784.812 316900
1791379784.867 316900
1791379784.922 316900
1791379784.976 316900
1791379785.031 316900
1791379785.086 316900
1791379785.141 316900
1791379785.195 316900
1791379785.250 316900
1791379785.305 316900
1791379785.359 316900
1791379785.414 316900
1791379785.469 316900
1791379785.523 316900
1791379785.578 316900
1791379785.633 316900
1791379785.687 316900
1791379785.742 316900
1791379785.797 316900
1791379785.851 316900
1791379785.906 316900
1791379785.961 316900
1791379786.016 316900
1791379786.072 316900
1791379786.126 316900
1791379786.181 316900
1791379786.236 316900
1791379786.290 316900
1791379786.345 316900
1791379786.400 316900
1791379786.455 316900
1791379786.509 316900
1791379786.564 316900
1791379786.619 316900
1791379786.673 316900
1791379786.728 316900
1791379786.783 316900
1791379786.838 316900
1791379786.892 316900
1791379786.947 316900
1791379787.002 316900
1791379787.056 316900
1791379787.111 316900
1791379787.166 316900
1791379787.221 316900
1791379787.275 316900
1791379787.330 316900
1791379787.385 316900
1791379787.439 316900
1791379787.494 316900
1791379787.549 316900
1791379787.603 316900
1791379787.658 316900
1791379787.713 316900
1791379787.767 316900
1791379787.822 316900
1791379787.877 316900
1791379787.932 316900
1791379787.983 316900
1791379788.038 316900
1791379788.093 316900
1791379788.147 316900
1791379788.202 316900
1791379788.257 316900
1791379788.312 316900
1791379788.366 316900
1791379788.421 316900
1791379788.476 316900
1791379788.530 316900
1791379788.585 316900
1791379788.640 316900
1791379788.695 316900
1791379788.749 316900
1791379788.804 316900
1791379788.859 316900
1791379788.913 316900
1791379788.968 316900
1791379789.023 316900
1791379789.077 316900
1791379789.132 316900
1791379789.187 316900
1791379789.241 316900
1791379789.296 316900
1791379789.351 316900
1791379789.405 316900
1791379789.460 316900
1791379789.515 316900
1791379789.569 316900
1791379789.624 316900
1791379789.679 316900
1791379789.733 316900
1791379789.788 316900
1791379789.843 316900
1791379789.898 316900
1791379789.952 316900
1791379790.007 316900
1791379790.062 316900
1791379790.116 316900
1791379790.171 316900
1791379790.226 316900
1791379790.280 316900
1791379790.335 316900
1791379790.390 316900
1791379790.444 316900
1791379790.499 316900
1791379790.554 316900
1791379790.608 316900
1791379790.663 316900
1791379790.718 316900
1791379790.773 316900
1791379790.828 316900
1791379790.882 316900
1791379790.937 316900
1791379790.992 316900
1791379791.047 316900
1791379791.102 316900
1791379791.156 316900
1791379791.211 317668
1791379791.265 327076
1791379791.316 327076
1791379791.371 327076
1791379791.426 327076
1791379791.480 327076
1791379791.535 327076
1791379791.590 327076
1791379791.645 327076
1791379791.700 327076
1791379791.755 327076
1791379791.810 327076
1791379791.864 327076
1791379791.919 327076
1791379791.974 327076
1791379792.029 327076
1791379792.084 327076
1791379792.139 327076
1791379792.194 327076
1791379792.249 327076
1791379792.303 327076
1791379792.358 327076
1791379792.413 327076
1791379792.468 327076
1791379792.523 327076
1791379792.578 327076
1791379792.633 327076
1791379792.688 327076
1791379792.742 327076
1791379792.797 327076
1791379792.852 327076
1791379792.907 327076
1791379792.962 327076
1791379793.017 327076
1791379793.072 327076
1791379793.127 327076
1791379793.181 327076
1791379793.236 327076
1791379793.291 327076
1791379793.346 327076
1791379793.401 327076
1791379793.456 327076
1791379793.511 327076
1791379793.565 327076
1791379793.620 327076
1791379793.675 327076
1791379793.730 327076
1791379793.785 327076
1791379793.840 327076
1791379793.894 327076
1791379793.949 327076
1791379794.004 327076
1791379794.059 327076
1791379794.114 327076
1791379794.169 327076
1791379794.224 327076
1791379794.279 327076
1791379794.334 327076
1791379794.388 327076
1791379794.443 327076
1791379794.498 327076
1791379794.553 327076
1791379794.608 327076
1791379794.663 327076
1791379794.718 327076
1791379794.772 327076
1791379794.827 327076
1791379794.882 327076
1791379794.937 327076
1791379794.992 327076
1791379795.047 327076
1791379795.102 327076
1791379795.156 327076
1791379795.211 327076
1791379795.266 327076
1791379795.321 327076
1791379795.376 327076
1791379795.431 327076
1791379795.486 327268
1791379795.541 327268
1791379795.595 327268
1791379795.650 327268
1791379795.705 327268
1791379795.760 327460
1791379795.814 327460
1791379795.869 327652
1791379795.924 327652
1791379795.979 327652
1791379796.034 327652
1791379796.089 327652
1791379796.145 327652
1791379796.200 327652
1791379796.255 327652
1791379796.309 327652
1791379796.364 327652
1791379796.419 328420
1791379796.473 328612
1791379796.526 328612
1791379796.581 328804
1791379796.635 328804
1791379796.690 328804
1791379796.745 328804
1791379796.800 328804
1791379796.854 328804
1791379796.909 328804
1791379796.964 328804
1791379797.019 328804
1791379797.074 328804
1791379797.129 328804
1791379797.184 328804
1791379797.239 328804
1791379797.294 328804
1791379797.349 328804
1791379797.404 328804
1791379797.459 328804
1791379797.513 328804
1791379797.568 328804
1791379797.623 328804
1791379797.678 328804
1791379797.733 328804
1791379797.788 328804
1791379797.841 328804
1791379797.896 328804
1791379797.947 328804
1791379798.000 328804
1791379798.055 328804
1791379798.110 328804
1791379798.165 328804
1791379798.219 328804
1791379798.271 328804
1791379798.326 328804
1791379798.381 328804
1791379798.435 328804
1791379798.490 328804
1791379798.545 328804
1791379798.599 328804
1791379798.654 328804
1791379798.709 328804
1791379798.764 328804
1791379798.819 328804
1791379798.874 328804
1791379798.928 328804
1791379798.983 328804
1791379799.038 328804
1791379799.093 328804
1791379799.148 328804
1791379799.202 328804
1791379799.257 328804
1791379799.312 328804
1791379799.367 328804
1791379799.422 328804
1791379799.476 328804
1791379799.531 328804
1791379799.586 328804
1791379799.641 328804
1791379799.696 328804
1791379799.750 328804
1791379799.805 328804
1791379799.860 328804
1791379799.915 328804
1791379799.969 328804
1791379800.024 328804
1791379800.079 328804
1791379800.134 328804
1791379800.189 328804
1791379800.243 328804
1791379800.298 328804
1791379800.353 328804
1791379800.408 328804
1791379800.463 328804
1791379800.517 328804
1791379800.572 328804
1791379800.627 328804
1791379800.682 328804
1791379800.737 328804
1791379800.791 328804
1791379800.846 328804
1791379800.901 328804
1791379800.956 328996
1791379801.011 328996
1791379801.066 328996
1791379801.121 328996
1791379801.176 328996
1791379801.230 328996
1791379801.285 328996
1791379801.340 328996
1791379801.395 328996
1791379801.446 328996
1791379801.498 328996
1791379801.553 328996
1791379801.607 328996
1791379801.662 328996
1791379801.717 328996
1791379801.772 328996
1791379801.827 328996
1791379801.882 328996
1791379801.937 328996
1791379801.992 328996
1791379802.047 328996
1791379802.102 328996
1791379802.156 328996
1791379802.212 328996
1791379802.267 328996
1791379802.321 328996
1791379802.376 328996
1791379802.431 328996
1791379802.486 328996
1791379802.541 328996
1791379802.596 328996
1791379802.651 328996
1791379802.705 328996
1791379802.760 328996
1791379802.815 328996
1791379802.870 328996
1791379802.925 328996
1791379802.980 328996
1791379803.034 328996
1791379803.089 328996
1791379803.144 328996
1791379803.199 328996
1791379803.254 328996
1791379803.309 328996
1791379803.364 328996
1791379803.419 328996
1791379803.474 328996
1791379803.528 328996
1791379803.583 328996
1791379803.638 328996
1791379803.693 328996
1791379803.748 328996
1791379803.803 328996
1791379803.858 328996
1791379803.913 328996
1791379803.967 328996
1791379804.022 328996
1791379804.077 328996
1791379804.132 328996
1791379804.187 328996
1791379804.242 328996
1791379804.297 328996
1791379804.351 328996
1791379804.406 328996
1791379804.461 328996
1791379804.516 328996
1791379804.571 328996
1791379804.626 328996
1791379804.681 328996
1791379804.735 328996
1791379804.790 328996
1791379804.845 328996
1791379804.900 328996
1791379804.955 328996
1791379805.010 328996
1791379805.065 328996
1791379805.120 328996
1791379805.174 328996
1791379805.229 328996
1791379805.284 328996
1791379805.339 328996
1791379805.394 328996
1791379805.449 328996
1791379805.504 328996
1791379805.559 328996
1791379805.613 328996
1791379805.668 328996
1791379805.723 328996
1791379805.778 328996
1791379805.833 328996
1791379805.888 328996
1791379805.942 328996
1791379805.997 328996
1791379806.052 328996
1791379806.104 328996
1791379806.159 328996
1791379806.214 328996
1791379806.269 328996
1791379806.323 328996
1791379806.378 328996
1791379806.433 328996
1791379806.488 328996
1791379806.543 328996
1791379806.598 328996
1791379806.653 328996
1791379806.708 328996
1791379806.762 328996
1791379806.817 328996
1791379806.872 328996
1791379806.927 328996
1791379806.982 328996
1791379807.037 328996
1791379807.092 328996
1791379807.146 328996
1791379807.201 328996
1791379807.256 328996
1791379807.311 328996
1791379807.366 328996
1791379807.421 328996
1791379807.476 328996
1791379807.531 328996
1791379807.585 328996
1791379807.640 328996
1791379807.695 328996
1791379807.750 328996
1791379807.805 328996
1791379807.860 328996
1791379807.914 328996
1791379807.966 328996
1791379808.021 328996
1791379808.076 328996
1791379808.131 328996
1791379808.186 328996
1791379808.241 328996
1791379808.296 328996
1791379808.351 328996
1791379808.406 328996
1791379808.461 328996
1791379808.515 328996
1791379808.570 328996
1791379808.625 328996
1791379808.680 328996
1791379808.735 328996
1791379808.790 328996
1791379808.844 328996
1791379808.899 328996
1791379808.954 328996
1791379809.009 328996
1791379809.064 328996
1791379809.119 328996
1791379809.174 328996
1791379809.229 328996
1791379809.283 328996
1791379809.338 328996
1791379809.393 328996
1791379809.448 328996
1791379809.503 328996
1791379809.558 328996
1791379809.613 328996
1791379809.667 328996
1791379809.722 328996
1791379809.777 328996
1791379809.832 328996
1791379809.887 328996
1791379809.942 328996
1791379809.996 328996
1791379810.051 328996
1791379810.106 328996
1791379810.161 328996
1791379810.216 328996
1791379810.271 328996
1791379810.326 328996
1791379810.381 328996
1791379810.435 328996
1791379810.490 328996
1791379810.545 328996
1791379810.600 328996
1791379810.655 328996
1791379810.710 329188
1791379810.765 329188
1791379810.820 329188
1791379810.874 329188
1791379810.929 329188
1791379810.984 329188
1791379811.039 329188
1791379811.094 329188
1791379811.149 329188
1791379811.204 329188
1791379811.259 329188
1791379811.314 329188
1791379811.369 329188
1791379811.424 329188
1791379811.479 329188
1791379811.534 329188
1791379811.589 329188
1791379811.645 329188
1791379811.700 329188
1791379811.755 329188
1791379811.810 329188
1791379811.865 329188
1791379811.920 329188
1791379811.975 329188
1791379812.029 329188
1791379812.084 329188
1791379812.140 329188
1791379812.195 329188
1791379812.250 329188
1791379812.305 329188
1791379812.359 329188
1791379812.414 329188
1791379812.469 329188
1791379812.524 329188
1791379812.579 329188
1791379812.634 329188
1791379812.689 329188
1791379812.745 329188
1791379812.800 329188
1791379812.854 329188
1791379812.909 329188
1791379812.964 329188
1791379813.019 329188
1791379813.074 329188
1791379813.129 329188
1791379813.184 329188
1791379813.239 329188
1791379813.294 329188
1791379813.349 329188
1791379813.404 329188
1791379813.459 329188
1791379813.514 329188
1791379813.569 329188
1791379813.624 329188
1791379813.679 329188
1791379813.734 329188
1791379813.789 329188
1791379813.844 329188
1791379813.899 329188
1791379813.954 329188
1791379814.009 329188
1791379814.064 329188
1791379814.119 329188
1791379814.174 329188
1791379814.229 329188
1791379814.284 329188
1791379814.339 329188
1791379814.394 329188
1791379814.449 329188
1791379814.504 329188
1791379814.559 329188
1791379814.613 329188
1791379814.668 329188
1791379814.723 329188
1791379814.778 329188
1791379814.833 329188
1791379814.888 329188
1791379814.943 329188
1791379814.998 329188
1791379815.054 329188
1791379815.109 329188
1791379815.164 329188
1791379815.219 329188
1791379815.274 329188
1791379815.329 329188
1791379815.384 329188
1791379815.439 329188
1791379815.493 329188
1791379815.548 329188
1791379815.603 329188
1791379815.658 329188
1791379815.713 329188
1791379815.768 329188
1791379815.823 329188
1791379815.878 329188
1791379815.933 329188
1791379815.988 329188
1791379816.043 329188
1791379816.098 329188
1791379816.153 329188
1791379816.208 329188
1791379816.263 329188
1791379816.318 329188
1791379816.373 329188
1791379816.428 329188
1791379816.483 329188
1791379816.538 329188
1791379816.593 329188
1791379816.648 329188
1791379816.703 329188
1791379816.758 329188
1791379816.813 329188
1791379816.868 329188
1791379816.923 329188
1791379816.978 329188
1791379817.033 329188
1791379817.088 329188
1791379817.143 329188
1791379817.198 329188
1791379817.253 329188
1791379817.308 329188
1791379817.363 329188
1791379817.418 329188
1791379817.473 329188
1791379817.528 329188
1791379817.582 329188
1791379817.637 329188
1791379817.692 329188
1791379817.747 329188
1791379817.802 329188
1791379817.857 329188
1791379817.912 329188
1791379817.963 329188
1791379818.017 329188
1791379818.072 329188
1791379818.127 329188
1791379818.182 329188
1791379818.237 329188
1791379818.292 329188
1791379818.347 329188
1791379818.402 329188
1791379818.457 329188
1791379818.512 329188
1791379818.567 329188
1791379818.622 329188
1791379818.677 329188
1791379818.732 329188
1791379818.786 329188
1791379818.841 329188
1791379818.896 329188
1791379818.951 329188
1791379819.006 329188
1791379819.061 329188
1791379819.116 329188
1791379819.171 329188
1791379819.228 329188
1791379819.283 329188
1791379819.338 329188
1791379819.393 329188
1791379819.448 329188
1791379819.503 329188
1791379819.558 329188
1791379819.613 329188
1791379819.668 329188
1791379819.723 329188
1791379819.778 329188
1791379819.833 329188
1791379819.888 329188
1791379819.942 329188
1791379819.997 329188
1791379820.053 329188
1791379820.108 329188
1791379820.163 329188
1791379820.218 329188
1791379820.273 329188
1791379820.328 329188
1791379820.383 329188
1791379820.438 329188
1791379820.493 329188
1791379820.548 329188
1791379820.603 329188
1791379820.658 329188
1791379820.713 329380
1791379820.768 329380
1791379820.823 329380
1791379820.878 329380
1791379820.933 329380
1791379820.988 329380
1791379821.043 329380
1791379821.098 329380
1791379821.153 329380
1791379821.208 329380
1791379821.263 329380
1791379821.318 329380
1791379821.373 330340
1791379821.427 330340
1791379821.481 330340
1791379821.535 330340
1791379821.589 330340
1791379821.643 330340
1791379821.698 330340
1791379821.751 330340
1791379821.806 330340
1791379821.860 330340
1791379821.914 330340
1791379821.968 330340
1791379822.022 330340
1791379822.076 330340
1791379822.130 330340
1791379822.184 330340
1791379822.238 330340
1791379822.292 330340
1791379822.346 330340
1791379822.400 330340
1791379822.454 330340
1791379822.508 330340
1791379822.562 330340
1791379822.616 330340
1791379822.670 330340
1791379822.724 330340
1791379822.778 330340
1791379822.832 330340
1791379822.886 330340
1791379822.940 330340
1791379822.994 330340
1791379823.048 330340
1791379823.102 330340
1791379823.156 330340
1791379823.210 330340
1791379823.264 330340
1791379823.318 330340
1791379823.372 330340
1791379823.426 330340
1791379823.480 330340
1791379823.534 330340
1791379823.588 330340
1791379823.642 330340
1791379823.696 330340
1791379823.750 330340
1791379823.804 330340
1791379823.858 330340
1791379823.912 330340
1791379823.966 330340
1791379824.020 330340
1791379824.074 330340
1791379824.128 330340
1791379824.182 330340
1791379824.236 330340
1791379824.290 330340
1791379824.344 330340
1791379824.398 330340
1791379824.452 330340
1791379824.506 330340
1791379824.560 330340
1791379824.614 330340
1791379824.668 330340
1791379824.722 330340
1791379824.776 330340
1791379824.830 330340
1791379824.884 330340
1791379824.938 330340
1791379824.992 330340
1791379825.046 330340
1791379825.100 330340
1791379825.154 330340
1791379825.208 330340
1791379825.262 330340
1791379825.316 330340
1791379825.370 330340
1791379825.424 330340
1791379825.478 330340
1791379825.532 330340
1791379825.586 330340
1791379825.640 330340
1791379825.694 330340
1791379825.748 330340
1791379825.802 330340
1791379825.856 330340
1791379825.910 330340
1791379825.964 330340
1791379826.018 330340
1791379826.072 330340
1791379826.126 330340
1791379826.180 330340
1791379826.234 330340
1791379826.288 330340
1791379826.342 330340
1791379826.396 330340
1791379826.450 330340
1791379826.504 330340
1791379826.558 330340
1791379826.612 330340
1791379826.666 330340
1791379826.720 330340
1791379826.774 330340
1791379826.828 330340
1791379826.882 330340
1791379826.936 330340
1791379826.990 330340
1791379827.044 330340
1791379827.098 330340
1791379827.152 330340
1791379827.206 330340
1791379827.259 330340
1791379827.313 330340
1791379827.367 330340
1791379827.421 330340
1791379827.475 330340
1791379827.529 330340
1791379827.583 330340
1791379827.637 330340
1791379827.691 330340
1791379827.745 330340
1791379827.799 330340
1791379827.853 330340
1791379827.907 330340
1791379827.961 330340
1791379828.012 330340
1791379828.066 330340
1791379828.120 330340
1791379828.174 330340
1791379828.228 330340
1791379828.282 330340
1791379828.336 330340
1791379828.390 330340
1791379828.444 330340
1791379828.498 330340
1791379828.552 330340
1791379828.606 330340
1791379828.660 330340
1791379828.714 330340
1791379828.768 330340
1791379828.822 330340
1791379828.876 330340
1791379828.930 330340
1791379828.984 330340
1791379829.038 330340
1791379829.092 330340
1791379829.146 330340
1791379829.200 330340
1791379829.254 330340
1791379829.309 330340
1791379829.363 330340
1791379829.417 330340
1791379829.471 330340
1791379829.524 330340
1791379829.579 330340
1791379829.633 330340
1791379829.686 330340
1791379829.740 330340
1791379829.794 330340
1791379829.848 330340
1791379829.902 330340
1791379829.956 330340
1791379830.010 330340
1791379830.064 330340
1791379830.118 330340
1791379830.172 330340
1791379830.226 330340
1791379830.279 330340
1791379830.333 330340
1791379830.387 330340
1791379830.441 330340
1791379830.495 330340
1791379830.549 330340
1791379830.603 330340
1791379830.657 330340
1791379830.711 330340
1791379830.765 330340
1791379830.819 330340
1791379830.873 330340
1791379830.927 330340
1791379830.981 330340
1791379831.035 330340
1791379831.089 330340
1791379831.143 330340
1791379831.197 330340
1791379831.252 330340
1791379831.306 330340
1791379831.360 330340
1791379831.414 330340
1791379831.468 330340
1791379831.522 330340
1791379831.576 330340
1791379831.630 330340
1791379831.684 330340
1791379831.738 330340
1791379831.792 330340
1791379831.846 330340
1791379831.900 330340
1791379831.954 330340
1791379832.008 330340
1791379832.062 330340
1791379832.116 330340
1791379832.170 330340
1791379832.224 330340
1791379832.278 330340
1791379832.332 330340
1791379832.386 330340
1791379832.440 330340
1791379832.494 330340
1791379832.548 330340
1791379832.602 330340
1791379832.656 330340
1791379832.711 330340
1791379832.765 330340
1791379832.819 330340
1791379832.873 330340
1791379832.927 330340
1791379832.981 330340
1791379833.035 330340
1791379833.089 330340
1791379833.143 330340
1791379833.197 330340
1791379833.251 330340
1791379833.305 330340
1791379833.359 330340
1791379833.413 330340
1791379833.467 330340
1791379833.522 330340
1791379833.576 330340
1791379833.630 330340
1791379833.684 330340
1791379833.738 330340
1791379833.792 330340
1791379833.846 330340
1791379833.900 330340
1791379833.954 330340
1791379834.008 330340
1791379834.062 330340
1791379834.116 330340
1791379834.170 330340
1791379834.224 330340
1791379834.279 330340
1791379834.333 330340
1791379834.387 330340
1791379834.441 330340
1791379834.495 330340
1791379834.549 330340
1791379834.603 330340
1791379834.657 330340
1791379834.711 330340
1791379834.765 330340
1791379834.819 330340
1791379834.874 330340
1791379834.928 330340
1791379834.982 330340
1791379835.036 330340
1791379835.090 330340
1791379835.144 330340
1791379835.198 330340
1791379835.252 330340
1791379835.306 330340
1791379835.360 330340
1791379835.414 330340
1791379835.468 330340
1791379835.522 330340
1791379835.576 330340
1791379835.630 330340
1791379835.684 330340
1791379835.738 330340
1791379835.793 330340
1791379835.847 330340
1791379835.901 330340
1791379835.955 330340
1791379836.009 330340
1791379836.063 330340
1791379836.117 330340
1791379836.171 330340
1791379836.225 330340
1791379836.279 330340
1791379836.334 330340
1791379836.388 330340
1791379836.442 330340
1791379836.496 330340
1791379836.550 330340
1791379836.604 330340
1791379836.658 330340
1791379836.712 330340
1791379836.766 330340
1791379836.820 330340
1791379836.874 330340
1791379836.928 330340
1791379836.982 330340
1791379837.036 330340
1791379837.090 330340
1791379837.143 330340
1791379837.197 330340
1791379837.252 330340
1791379837.306 330340
1791379837.360 330340
1791379837.414 330340
1791379837.468 330340
1791379837.522 330340
1791379837.576 330340
1791379837.630 330340
1791379837.684 330340
1791379837.738 330340
1791379837.792 330340
1791379837.846 330340
1791379837.900 330340
1791379837.954 330340
1791379838.006 330340
1791379838.060 330340
1791379838.111 330340
1791379838.166 330340
1791379838.220 330340
1791379838.274 330340
1791379838.328 330340
1791379838.382 330340
1791379838.436 330340
1791379838.490 330340
1791379838.544 330340
1791379838.598 330340
1791379838.652 330340
1791379838.706 330340
1791379838.760 330340
1791379838.814 330340
1791379838.868 330340
1791379838.922 330340
1791379838.976 330340
1791379839.030 330340
1791379839.084 330340
1791379839.138 330340
1791379839.192 330340
1791379839.246 330340
1791379839.301 330340
1791379839.355 330340
1791379839.409 330340
1791379839.463 330340
1791379839.517 330340
1791379839.571 330340
1791379839.625 330340
1791379839.679 330340
1791379839.733 330340
1791379839.788 330340
1791379839.842 330340
1791379839.896 330340
1791379839.950 330340
1791379840.004 330340
1791379840.058 330340
1791379840.112 330340
1791379840.166 330340
1791379840.220 330340
1791379840.274 330340
1791379840.328 330340
1791379840.382 330340
1791379840.436 330340
1791379840.490 330340
1791379840.544 330340
1791379840.598 330340
1791379840.652 330340
1791379840.706 330340
1791379840.760 330340
1791379840.815 330340
1791379840.869 330340
1791379840.923 330340
1791379840.977 330340
1791379841.031 330340
1791379841.085 330340
1791379841.139 330340
1791379841.193 330340
1791379841.247 330340
1791379841.301 330340
1791379841.355 330340
1791379841.409 330340
1791379841.463 330340
1791379841.517 330340
1791379841.571 330340
1791379841.625 330340
1791379841.679 330340
1791379841.734 330340
1791379841.788 330340
1791379841.842 330340
1791379841.896 330340
1791379841.950 330340
1791379842.004 330340
1791379842.059 330340
1791379842.113 330340
1791379842.167 330340
1791379842.222 330340
1791379842.276 330340
1791379842.330 330340
1791379842.384 330340
1791379842.438 330340
1791379842.492 330340
1791379842.546 330340
1791379842.601 330340
1791379842.655 330340
1791379842.709 330340
1791379842.763 330340
1791379842.817 330340
1791379842.871 330340
1791379842.925 330340
1791379842.979 330340
1791379843.033 330340
1791379843.087 330340
1791379843.141 330340
1791379843.195 330340
1791379843.249 330340
1791379843.303 330340
1791379843.357 330340
1791379843.411 330340
1791379843.466 330340
1791379843.520 330340
1791379843.574 330340
1791379843.628 330340
1791379843.682 330340
1791379843.736 330340
1791379843.790 330340
1791379843.844 330340
1791379843.898 330340
1791379843.952 330340
1791379844.006 330340
1791379844.060 330340
1791379844.115 330340
1791379844.169 330340
1791379844.223 330340
1791379844.277 330340
1791379844.331 330340
1791379844.385 330340
1791379844.439 330340
1791379844.493 330340
1791379844.547 330340
1791379844.601 330340
1791379844.655 330340
1791379844.709 330340
1791379844.764 330340
1791379844.818 330340
1791379844.872 330340
1791379844.926 330340
1791379844.980 330340
1791379845.034 330340
1791379845.088 330340
1791379845.142 330340
1791379845.196 330340
1791379845.250 330340
1791379845.304 330340
1791379845.358 330340
1791379845.412 330340
1791379845.467 330340
1791379845.521 330340
1791379845.575 330340
1791379845.629 330340
1791379845.683 330340
1791379845.737 330340
1791379845.791 330340
1791379845.845 330340
1791379845.899 330340
1791379845.953 330340
1791379846.007 330340
1791379846.061 330340
1791379846.115 330340
1791379846.169 330340
1791379846.223 330340
1791379846.277 330340
1791379846.331 330340
1791379846.385 330340
1791379846.439 330340
1791379846.493 330340
1791379846.548 330340
1791379846.602 330340
1791379846.656 330340
1791379846.710 330340
1791379846.764 330340
1791379846.818 330340
1791379846.872 330340
1791379846.926 330340
1791379846.980 330340
1791379847.034 330340
1791379847.088 330340
1791379847.143 330340
1791379847.197 330340
1791379847.251 330340
1791379847.305 330340
1791379847.359 330340
1791379847.413 330340
1791379847.467 330340
1791379847.521 330340
1791379847.575 330340
1791379847.629 330340
1791379847.683 330340
1791379847.737 330340
1791379847.791 330340
1791379847.845 330340
1791379847.900 330340
1791379847.954 330340
1791379848.005 330340
1791379848.059 330340
1791379848.114 330340
1791379848.168 330340
1791379848.222 330340
1791379848.276 330340
1791379848.331 330340
1791379848.385 330340
1791379848.439 330340
1791379848.493 330340
1791379848.547 330340
1791379848.601 330340
1791379848.655 330340
1791379848.709 330340
1791379848.763 330340
1791379848.817 330340
1791379848.871 330340
1791379848.925 330340
1791379848.979 330340
1791379849.033 330340
1791379849.087 330340
1791379849.141 330340
1791379849.195 330340
1791379849.249 330340
1791379849.303 330340
1791379849.357 330340
1791379849.412 330340
1791379849.466 330340
1791379849.520 330340
1791379849.574 330340
1791379849.628 330340
1791379849.682 330340
1791379849.736 330340
1791379849.790 330340
1791379849.844 330340
1791379849.898 330340
1791379849.952 330340
1791379850.006 330340
1791379850.061 330340
1791379850.115 330340
1791379850.169 330340
1791379850.223 330340
1791379850.277 330340
1791379850.332 330340
1791379850.386 330340
1791379850.440 330340
1791379850.494 330340
1791379850.549 330340
1791379850.603 330340
1791379850.657 330340
1791379850.711 330340
1791379850.765 330340
1791379850.819 330340
1791379850.873 330340
1791379850.927 330340
1791379850.981 330340
1791379851.036 330340
1791379851.090 330340
1791379851.144 330340
1791379851.198 330340
1791379851.252 330340
1791379851.306 330340
1791379851.360 330340
1791379851.414 330340
1791379851.468 330340
1791379851.522 330340
1791379851.576 330340
1791379851.630 330340
1791379851.684 330340
1791379851.738 330340
1791379851.793 330340
1791379851.847 330340
1791379851.901 330340
1791379851.955 330340
1791379852.009 330340
1791379852.063 330340
1791379852.117 330340
1791379852.171 330340
1791379852.225 330340
1791379852.279 330340
1791379852.333 330340
1791379852.387 330340
1791379852.441 330340
1791379852.495 330340
1791379852.549 330340
1791379852.603 330340
1791379852.657 330340
1791379852.711 330340
1791379852.765 330340
1791379852.819 330340
1791379852.873 330340
1791379852.927 330340
1791379852.982 330340
1791379853.036 330340
1791379853.090 330340
1791379853.144 330340
1791379853.198 330340
1791379853.252 330340
1791379853.306 330340
1791379853.360 330340
1791379853.414 330340
1791379853.468 330340
1791379853.522 330340
1791379853.576 330340
1791379853.630 330340
1791379853.684 330340
1791379853.738 330340
1791379853.792 330340
1791379853.846 330340
1791379853.900 330340
1791379853.954 330340
1791379854.008 330340
1791379854.062 330340
1791379854.116 330340
1791379854.170 330340
1791379854.225 330340
1791379854.279 330340
1791379854.333 330340
1791379854.387 330340
1791379854.441 330340
1791379854.494 330340
1791379854.548 330340
1791379854.602 330340
1791379854.657 330340
1791379854.711 330340
1791379854.765 330340
1791379854.819 330340
1791379854.873 330340
1791379854.927 330340
1791379854.981 330340
1791379855.035 330340
1791379855.089 330340
1791379855.144 330340
1791379855.198 330340
1791379855.252 330340
1791379855.306 330340
1791379855.360 330340
1791379855.414 330340
1791379855.468 330340
1791379855.520 330340
1791379855.571 330340
1791379855.622 330340
1791379855.673 330340
1791379855.727 330340
1791379855.782 330340
1791379855.836 330340
1791379855.890 330340
1791379855.944 330340
1791379855.998 330340
1791379856.052 330340
1791379856.106 330340
1791379856.160 330340
1791379856.215 330340
1791379856.269 330340
1791379856.323 330340
1791379856.377 330340
1791379856.431 330340
1791379856.485 330340
1791379856.539 330340
1791379856.593 330340
1791379856.647 330340
1791379856.701 330340
1791379856.755 330340
1791379856.810 330340
1791379856.864 330340
1791379856.918 330340
1791379856.972 330340
1791379857.026 330340
1791379857.080 330340
1791379857.134 330340
1791379857.188 330340
1791379857.242 330340
1791379857.296 330340
1791379857.350 330340
1791379857.404 330340
1791379857.458 330340
1791379857.512 330340
1791379857.566 330340
1791379857.620 330340
1791379857.674 330340
1791379857.728 330340
1791379857.782 330340
1791379857.836 330340
1791379857.891 330340
1791379857.945 330340
1791379857.996 330340
1791379858.049 330340
1791379858.103 330340
1791379858.157 330340
1791379858.211 330340
1791379858.265 330340
1791379858.319 330340
1791379858.373 330340
1791379858.427 330340
1791379858.481 330340
1791379858.535 330340
1791379858.589 330340
1791379858.643 330340
1791379858.698 330340
1791379858.752 330340
1791379858.806 330340
1791379858.860 330340
1791379858.914 330340
1791379858.968 330340
1791379859.022 330340
1791379859.076 330340
1791379859.130 330340
1791379859.184 330340
1791379859.238 330340
1791379859.292 330340
1791379859.347 330340
1791379859.401 330340
1791379859.455 330340
1791379859.509 330340
1791379859.563 330340
1791379859.617 330340
1791379859.671 330340
1791379859.725 330340
1791379859.779 330340
1791379859.833 330340
1791379859.887 330340
1791379859.941 330340
1791379859.995 330340
1791379860.050 330340
1791379860.104 330340
1791379860.158 330340
1791379860.212 330340
1791379860.266 330340
1791379860.319 330340
1791379860.374 330340
1791379860.428 330340
1791379860.482 330340
1791379860.536 330340
1791379860.590 330340
1791379860.644 330340
1791379860.698 330340
1791379860.752 330340
1791379860.806 330340
1791379860.861 330340
1791379860.915 330340
1791379860.969 330340
1791379861.023 330340
1791379861.077 330340
1791379861.131 330340
1791379861.185 330340
1791379861.239 330340
1791379861.293 330340
1791379861.347 330340
1791379861.402 330340
1791379861.456 330340
1791379861.510 330340
1791379861.562 330340
1791379861.615 330340
1791379861.672 330340
1791379861.734 330340
1791379861.790 330340
1791379861.845 330340
1791379861.899 330340
1791379861.953 330340
1791379862.007 330340
1791379862.061 330340
1791379862.115 330340
1791379862.169 330340
1791379862.223 330340
1791379862.277 330340
1791379862.331 330340
1791379862.385 330340
1791379862.439 330340
1791379862.493 330340
1791379862.547 330340
1791379862.601 330340
1791379862.655 330340
1791379862.709 330340
1791379862.763 330340
1791379862.817 330340
1791379862.871 330340
1791379862.925 330340
1791379862.979 330340
1791379863.033 330340
1791379863.087 330340
1791379863.142 330340
1791379863.196 330340
1791379863.250 330340
1791379863.304 330340
1791379863.358 330340
1791379863.412 330340
1791379863.466 330340
1791379863.520 330340
1791379863.574 330340
1791379863.628 330340
1791379863.682 330340
1791379863.736 330340
1791379863.791 330340
1791379863.845 330340
1791379863.899 330340
1791379863.953 330340
1791379864.007 330340
1791379864.061 330340
1791379864.115 330340
1791379864.169 330340
1791379864.223 330340
1791379864.275 330340
1791379864.329 330340
1791379864.383 330340
1791379864.437 330340
1791379864.492 330340
1791379864.546 330340
1791379864.600 330340
1791379864.654 330340
1791379864.708 330340
1791379864.762 330340
1791379864.816 330340
1791379864.870 330340
1791379864.925 330340
1791379864.979 330340
1791379865.033 330340
1791379865.087 330340
1791379865.141 330340
1791379865.195 330340
1791379865.249 330340
1791379865.303 330340
1791379865.358 330340
1791379865.412 330340
1791379865.466 330340
1791379865.520 330340
1791379865.574 330340
1791379865.628 330340
1791379865.682 330340
1791379865.736 330340
1791379865.790 330340
1791379865.844 330340
1791379865.898 330340
1791379865.952 330340
1791379866.006 330340
1791379866.060 330340
1791379866.113 330340
1791379866.167 330340
1791379866.221 330340
1791379866.275 330340
1791379866.329 330340
1791379866.383 330340
1791379866.438 330340
1791379866.492 330340
1791379866.546 330340
1791379866.600 330340
1791379866.654 330340
1791379866.708 330340
1791379866.762 330340
1791379866.816 330340
1791379866.870 330340
1791379866.924 330340
1791379866.978 330340
1791379867.032 330340
1791379867.086 330340
1791379867.140 330340
1791379867.194 330340
1791379867.247 330340
1791379867.301 330340
1791379867.355 330340
1791379867.410 330340
1791379867.464 330340
1791379867.518 330340
1791379867.572 330340
1791379867.626 330340
1791379867.680 330340
1791379867.734 330340
1791379867.788 330340
1791379867.842 330340
1791379867.896 330340
1791379867.950 330340
1791379868.002 330340
1791379868.054 330340
1791379868.108 330340
1791379868.162 330340
1791379868.216 330340
1791379868.270 330340
1791379868.324 330340
1791379868.378 330340
1791379868.432 330340
1791379868.486 330340
1791379868.541 330340
1791379868.595 330340
1791379868.649 330340
1791379868.703 330340
1791379868.757 330340
1791379868.810 330340
1791379868.864 330340
1791379868.919 330340
1791379868.972 330340
1791379869.026 330340
1791379869.079 330340
1791379869.133 330340
1791379869.187 330340
1791379869.242 330340
1791379869.296 330340
1791379869.350 330340
1791379869.404 330340
1791379869.459 330340
1791379869.513 330340
1791379869.567 330340
1791379869.621 330340
1791379869.675 330340
1791379869.728 330340
1791379869.782 330340
1791379869.837 330340
1791379869.891 330340
1791379869.945 330340
1791379869.999 330340
1791379870.051 330340
1791379870.105 330340
1791379870.159 330340
1791379870.213 330340
1791379870.267 330340
1791379870.322 330340
1791379870.376 330340
1791379870.430 330340
1791379870.484 330340
1791379870.538 330340
1791379870.592 330340
1791379870.647 330340
1791379870.701 330340
1791379870.755 330340
1791379870.809 330340
1791379870.863 330340
1791379870.917 330340
1791379870.971 330340
1791379871.025 330340
1791379871.079 330340
1791379871.133 330340
1791379871.187 330340
1791379871.241 330340
1791379871.295 330340
1791379871.349 330340
1791379871.403 330340
1791379871.457 330340
1791379871.511 330340
1791379871.565 330340
1791379871.620 330340
1791379871.674 330340
1791379871.726 330340
1791379871.777 330340
1791379871.831 330340
1791379871.885 330340
1791379871.939 330340
1791379871.994 330340
1791379872.048 330340
1791379872.105 330340
1791379872.157 330340
1791379872.211 330532
1791379872.265 330532
1791379872.319 330532
1791379872.373 330532
1791379872.427 330532
1791379872.482 330532
1791379872.536 330532
1791379872.590 330532
1791379872.644 330916
1791379872.696 331108
1791379872.750 331108
1791379872.804 331108
1791379872.858 331108
1791379872.912 331108
1791379872.966 331108
1791379873.021 331108
1791379873.075 331108
1791379873.129 331108
1791379873.183 331108
1791379873.237 331108
1791379873.291 331108
1791379873.346 331108
1791379873.400 331300
1791379873.455 331300
1791379873.509 331300
1791379873.563 331300
1791379873.617 331300
1791379873.671 331300
1791379873.725 331492
1791379873.779 331492
1791379873.833 331492
1791379873.888 331492
1791379873.942 331492
1791379873.996 331492
1791379874.051 331492
1791379874.105 331492
1791379874.159 331492
1791379874.213 338212
1791379874.264 339556
1791379874.315 339556
1791379874.369 339556
1791379874.424 339556
1791379874.478 339556
1791379874.532 339556
1791379874.586 339556
1791379874.640 339556
1791379874.695 339556
1791379874.749 339556
1791379874.800 339556
1791379874.855 339556
1791379874.909 339748
1791379874.963 339748
1791379875.017 339748
1791379875.071 339748
1791379875.125 339748
1791379875.180 340132
1791379875.234 340132
1791379875.288 340132
1791379875.342 340132
1791379875.396 340132
1791379875.450 340132
1791379875.504 340132
1791379875.558 340132
1791379875.610 340132
1791379875.664 340132
1791379875.718 340132
1791379875.772 340132
1791379875.826 340324
1791379875.883 350500
1791379875.934 405988
1791379875.987 484016
1791379876.039 535088
1791379876.091 545612
1791379876.144 600140
1791379876.196 599496
1791379876.248 596900
1791379876.300 591780
1791379876.354 598884
1791379876.408 442584
1791379876.461 452376
1791379876.512 452760
1791379876.564 452760
1791379876.619 452760
1791379876.675 452760
1791379876.729 452760
1791379876.784 452760
1791379876.839 452760
1791379876.894 452760
1791379876.950 452952
1791379877.001 452952
1791379877.052 452952
1791379877.105 452952
1791379877.156 453144
1791379877.207 453336
1791379877.259 453336
1791379877.310 453720
1791379877.364 453720
1791379877.420 453720
1791379877.477 453720
1791379877.532 453720
1791379877.587 453720
1791379877.642 453720
1791379877.696 453720
1791379877.751 453720
1791379877.806 453720
1791379877.861 453720
1791379877.916 453912
1791379877.974 453912
1791379878.025 453912
1791379878.080 453912
1791379878.135 453912
1791379878.190 453912
1791379878.244 453912
1791379878.299 453912
1791379878.354 453912
1791379878.408 453912
1791379878.463 453912
1791379878.517 454680
1791379878.570 465816
1791379878.621 481040
1791379878.672 487224
1791379878.724 489244
1791379878.775 493296
1791379878.826 493680
1791379878.877 484028
1791379878.932 484028
1791379878.985 484028
1791379879.040 484028
1791379879.096 484028
1791379879.151 484028
1791379879.206 484028
1791379879.260 484028
1791379879.316 484028
1791379879.370 484028
1791379879.424 484028
1791379879.478 484028
1791379879.533 484028
1791379879.588 484028
1791379879.639 484028
1791379879.694 485180
1791379879.745 485372
1791379879.800 485372
1791379879.855 485372
1791379879.910 485372
1791379879.965 485372
1791379880.020 485372
1791379880.074 485372
1791379880.126 485372
1791379880.178 485372
1791379880.233 485372
1791379880.287 485372
1791379880.342 485372
1791379880.397 485372
1791379880.452 485372
1791379880.506 485372
1791379880.561 485372
1791379880.616 485372
1791379880.670 485372
1791379880.725 485564
1791379880.779 485564
1791379880.833 485564
1791379880.888 485564
1791379880.942 463924
1791379880.996 432888
1791379881.050 432888
1791379881.105 432888
1791379881.159 432888
1791379881.214 433272
1791379881.268 433272
1791379881.323 433272
1791379881.377 433272
1791379881.432 433272
1791379881.487 433272
1791379881.542 433272
1791379881.596 433272
1791379881.651 433272
1791379881.706 433272
1791379881.760 433272
1791379881.815 433272
1791379881.869 433272
1791379881.924 433272
1791379881.979 433272
1791379882.033 433272
1791379882.088 437112
1791379882.139 440376
1791379882.194 440568
1791379882.249 440568
1791379882.304 440568
1791379882.358 440568
1791379882.413 440568
1791379882.468 440760
1791379882.522 440760
1791379882.577 440760
1791379882.631 440760
1791379882.686 440760
1791379882.741 440760
1791379882.795 440760
1791379882.850 440760
1791379882.905 440760
1791379882.959 440760
1791379883.014 440760
1791379883.066 440760
1791379883.121 440760
1791379883.175 440760
1791379883.230 411548
